大二/遥感图像处理/data/data5/chm.asc
ncols         590
nrows         438
xllcorner     268314.0438407
yllcorner     4147681.9374771
cellsize      0.20000000000001
NODATA_value  -9999
[rows 236 to 294 of 438, columns 96 to 191 of 590]
36 37 39 42 44 43 42 43 44 47 47 47 47 47 48 49 49 49 48 48 47 46 46 46 46 45 44 44 44 44 42 38 35 33 34 36 39 41 42 43 43 44 45 45 45 45 45 45 45 45 45 44 43 43 43 43 43 43 43 42 41 41 41 40 37 31 24 27 31 35 33 22 14 14 17 19 21 13 7 4 4 7 14 20 23 25 26 26 25 24 23 22 20 19 19 20
34 35 38 40 42 42 43 43 44 45 45 45 45 47 48 49 49 49 48 47 45 47 47 47 46 45 44 43 43 43 42 40 38 37 37 37 40 42 44 44 45 45 46 46 46 46 46 46 46 45 45 45 44 43 43 43 42 42 42 41 41 40 38 38 38 37 36 35 34 35 32 27 20 19 20 19 13 2 5 5 6 8 13 19 22 23 24 24 24 23 22 21 19 19 19 19
34 37 39 40 42 43 43 44 44 44 43 43 45 47 48 49 49 48 48 45 34 43 46 46 46 45 44 43 43 42 41 40 38 37 37 39 42 43 44 46 46 46 46 46 46 46 46 46 46 46 46 46 45 43 43 43 42 42 41 41 39 37 34 36 38 38 37 35 34 33 32 29 24 23 22 19 14 8 9 11 9 6 12 18 20 22 23 23 23 22 21 20 19 19 19 18
36 39 40 42 43 43 44 44 44 44 44 44 45 48 48 48 48 48 47 45 40 43 44 45 45 44 43 43 43 42 40 39 37 36 37 40 42 43 43 44 45 45 46 46 46 46 47 47 47 47 47 47 48 45 44 43 43 42 41 40 39 36 31 38 40 39 36 35 33 32 31 29 26 25 24 22 20 17 17 17 11 7 11 17 20 22 23 23 23 22 21 19 19 19 19 19
34 41 42 43 44 44 45 45 44 44 44 45 45 47 48 48 48 48 48 47 45 44 44 44 44 43 42 42 42 42 40 38 37 36 37 40 42 42 42 42 44 45 46 46 47 47 47 47 47 47 48 48 48 47 45 44 43 42 41 40 39 37 35 39 41 39 36 34 32 31 29 29 28 27 26 25 24 24 20 16 11 10 12 17 21 23 24 24 23 22 21 20 20 19 19 19
36 41 43 44 45 45 45 45 45 45 45 45 46 46 47 48 48 47 47 47 47 46 45 44 43 42 42 42 42 41 40 38 37 37 38 40 42 41 42 42 44 45 45 46 47 47 48 47 46 47 48 49 49 48 46 45 44 44 42 41 40 42 41 42 41 39 36 33 31 29 28 28 28 28 27 26 26 24 20 15 11 11 13 17 22 26 26 25 24 23 22 21 21 20 20 20
37 41 43 44 45 45 45 45 45 45 45 45 46 46 47 47 47 47 47 46 46 46 45 44 43 42 42 42 42 42 40 38 38 38 39 40 41 41 42 43 44 45 46 46 47 47 46 44 44 45 48 49 49 48 47 46 44 44 44 42 40 41 42 41 40 38 36 33 30 26 27 28 29 28 28 27 27 25 21 16 11 10 12 17 23 29 29 25 23 22 22 21 21 21 21 20
36 38 42 44 44 45 45 45 45 45 45 45 46 46 45 45 46 46 46 46 46 46 45 44 43 42 42 42 42 42 40 39 38 38 39 39 40 40 41 43 45 46 46 46 47 46 44 41 40 44 48 48 48 48 47 45 43 41 42 43 42 42 41 40 38 37 35 32 28 25 26 28 29 29 29 28 28 26 22 16 10 8 11 16 22 27 30 25 21 21 22 22 22 21 22 21
32 34 38 42 44 44 44 44 44 44 44 45 45 44 42 43 44 45 45 45 45 45 44 44 43 42 42 42 42 42 41 40 38 38 37 37 38 39 40 43 46 47 46 46 46 45 43 41 40 43 48 48 48 47 46 45 42 39 37 42 43 42 40 38 37 35 33 31 29 27 28 29 30 30 30 29 29 29 24 16 9 5 10 15 19 23 26 23 20 21 22 22 22 22 22 22
31 30 37 40 43 43 44 44 44 44 44 44 44 42 41 42 44 45 45 45 44 44 44 43 42 42 42 42 42 42 42 40 39 36 33 33 35 37 40 43 45 46 46 46 46 45 43 42 43 44 47 48 48 47 46 45 43 40 39 41 43 41 39 37 36 33 31 31 30 29 29 30 30 29 29 28 27 26 21 13 8 7 10 14 17 20 22 21 20 21 21 22 22 22 22 22
35 33 36 40 42 43 43 43 43 43 43 43 43 42 42 43 44 45 44 44 44 43 43 42 42 42 41 41 41 41 41 39 38 36 34 34 36 38 40 42 44 45 46 46 46 46 45 44 45 45 46 47 47 47 47 46 44 43 43 43 43 41 39 37 35 32 31 30 30 30 30 30 29 28 27 25 22 18 10 9 10 11 12 15 17 19 19 20 20 20 20 20 21 21 21 21
30 28 32 37 42 41 41 42 42 42 42 43 43 43 44 44 45 44 43 43 43 42 42 42 41 41 41 41 40 38 36 36 36 37 36 37 38 39 40 42 43 45 45 46 46 46 46 45 46 46 46 46 47 47 47 46 45 44 43 43 42 41 39 37 34 32 30 30 30 30 30 30 29 27 26 23 20 15 9 12 14 15 16 17 18 19 19 19 20 19 19 19 19 19 19 19
23 21 27 32 35 36 39 41 38 35 41 43 43 43 43 44 44 43 42 42 42 41 41 41 41 41 41 41 37 34 31 32 33 36 38 39 39 40 41 42 43 44 45 45 46 46 46 46 46 46 46 46 46 46 46 45 44 43 42 42 41 41 39 36 34 32 30 30 30 30 30 30 29 28 25 23 20 17 16 18 20 19 19 19 19 18 18 18 19 19 18 18 17 17 17 17
25 23 25 29 33 37 40 39 29 21 28 38 43 43 42 42 42 42 41 41 41 41 40 40 40 39 38 38 34 31 29 30 31 33 36 39 41 41 42 43 43 44 45 45 46 46 46 46 45 45 45 46 46 45 45 44 43 42 41 41 40 40 39 36 35 33 31 30 29 29 29 29 29 29 27 26 24 22 22 22 22 20 18 18 17 17 16 16 17 18 17 16 15 14 14 15
27 25 25 28 33 39 40 34 23 14 24 34 40 42 40 40 40 41 41 41 41 40 39 39 38 36 34 32 29 28 28 29 29 30 35 38 41 43 42 43 43 44 44 45 45 46 46 45 45 45 45 45 45 44 44 43 42 41 40 39 39 39 38 37 35 34 32 30 30 29 29 29 29 29 28 28 27 25 18 13 13 15 16 16 16 16 15 15 16 17 17 16 13 11 9 12
29 27 26 29 33 37 37 33 28 24 29 35 39 40 38 38 39 40 40 40 40 39 38 38 36 32 27 23 25 27 28 30 31 33 35 39 41 41 41 42 43 43 44 44 45 45 45 45 45 44 44 44 44 43 43 42 41 40 39 38 38 38 38 37 36 35 33 31 30 29 29 29 29 29 29 29 25 17 8 6 9 12 14 15 15 14 14 13 15 17 16 15 12 9 6 9
28 27 28 30 33 36 27 27 30 32 34 37 39 38 36 37 38 39 39 39 38 38 38 37 36 28 19 9 21 26 29 31 32 34 37 39 39 39 39 39 40 42 43 43 44 45 44 45 44 44 43 43 43 43 42 42 41 39 38 37 37 37 38 38 38 36 33 31 30 29 29 29 29 26 24 21 17 12 7 7 8 10 12 13 13 13 13 14 15 15 15 15 14 11 10 10
26 28 29 31 31 27 8 22 31 38 38 38 38 37 35 36 37 38 39 38 38 37 37 37 37 29 20 15 22 27 30 32 33 35 37 38 37 35 32 34 38 41 42 42 43 43 42 41 42 42 43 43 43 43 42 42 41 39 38 38 38 38 38 37 36 35 32 30 30 29 29 29 26 20 13 11 11 9 7 7 8 9 11 11 12 13 15 15 14 13 13 13 13 14 12 11
23 25 28 32 25 20 18 26 32 36 37 37 37 37 36 37 38 38 39 39 38 37 36 35 34 30 25 23 26 29 31 32 34 35 37 36 35 34 32 34 38 40 41 41 42 42 41 40 41 42 43 43 43 42 42 41 40 40 39 38 38 38 38 37 35 33 30 30 30 30 30 28 23 14 3 4 6 7 6 6 7 8 9 9 9 6 14 13 11 11 10 11 11 12 12 10
19 20 22 18 14 21 28 32 34 35 34 35 36 37 37 38 38 39 40 39 37 34 33 32 31 30 29 28 29 30 31 33 34 35 35 35 34 34 34 36 39 40 40 41 41 41 41 41 41 42 43 42 42 42 41 41 40 40 39 38 38 38 37 36 35 33 31 30 30 30 30 28 21 12 5 2 4 5 6 6 7 8 8 7 5 2 4 8 8 8 8 8 9 9 9 8
14 15 13 11 15 25 36 35 34 33 32 34 37 35 36 37 37 38 39 37 35 32 31 31 30 30 29 29 28 29 30 33 33 34 34 34 34 35 35 38 39 39 40 40 40 40 40 40 41 41 42 42 41 41 41 40 40 40 39 37 37 37 37 36 35 33 32 30 30 30 30 28 20 13 8 4 3 4 6 5 6 7 7 6 5 4 4 4 5 5 5 6 6 7 7 6
9 9 10 13 19 26 34 34 32 31 29 30 29 28 33 35 36 36 36 35 33 32 31 30 30 30 29 29 28 27 28 30 31 32 33 34 35 35 36 37 38 39 39 39 39 39 39 40 40 41 41 41 40 40 40 40 40 40 34 34 35 36 36 36 35 33 31 30 30 30 29 27 20 14 9 6 4 4 6 1 4 6 7 6 5 5 4 4 3 2 3 4 4 5 5 4
6 7 10 14 21 28 33 33 30 28 26 25 26 27 31 34 34 33 33 32 31 31 30 30 29 29 29 29 27 25 25 28 30 32 33 34 34 35 36 37 38 39 38 38 38 38 39 39 39 40 40 39 39 39 39 39 39 37 32 31 34 36 36 36 34 33 31 30 30 30 28 26 21 15 10 6 3 3 6 5 5 6 7 7 6 6 5 5 4 1 1 2 3 3 3 4
5 6 9 14 20 29 31 29 28 26 24 25 26 28 31 33 30 29 28 29 29 29 29 29 29 28 28 28 27 24 22 27 29 31 33 33 34 34 35 36 37 38 38 38 38 38 38 39 39 39 39 39 38 37 37 37 37 36 34 32 34 36 36 35 34 32 30 29 28 27 25 23 19 15 11 6 2 3 6 6 6 7 8 8 7 7 6 6 5 3 3 3 4 3 2 3
5 5 8 11 16 20 12 12 20 24 24 25 26 27 29 29 24 23 24 26 27 28 28 28 28 28 27 27 27 25 24 27 29 32 33 33 33 33 34 35 36 37 37 37 37 37 38 38 38 38 38 38 37 35 35 35 35 35 34 34 35 36 36 35 32 31 30 28 27 25 22 19 17 14 11 7 2 5 7 8 8 8 8 9 8 8 7 7 6 6 7 8 9 7 4 3
4 5 6 7 10 7 6 10 16 22 24 24 25 26 27 25 22 22 23 25 26 27 27 27 27 27 26 26 25 25 25 27 29 31 32 32 32 32 33 34 35 35 36 36 36 37 37 37 37 38 38 37 36 34 33 33 34 34 34 34 35 35 34 31 28 29 29 24 22 20 18 16 14 12 10 8 5 6 7 8 8 9 9 9 9 8 8 8 9 10 13 14 14 11 7 3
5 4 4 4 4 5 8 11 16 20 23 24 24 24 24 22 21 21 23 24 25 26 26 26 26 26 25 25 24 24 25 26 27 29 30 30 31 31 32 33 34 34 35 35 36 37 37 37 37 37 37 36 35 32 31 32 32 33 33 34 34 34 34 32 31 26 20 13 13 14 13 12 11 10 8 7 7 7 8 8 8 9 9 9 9 9 9 11 14 17 20 22 21 16 8 3
5 5 5 4 4 6 9 12 16 20 22 23 22 22 21 18 18 20 21 23 25 26 26 25 25 25 24 23 23 23 24 24 25 26 27 29 29 30 31 32 33 33 33 34 36 37 37 38 37 37 36 36 34 32 31 31 31 32 32 34 34 34 34 33 28 20 13 6 5 8 8 8 8 7 7 6 6 6 7 7 8 9 9 9 9 9 10 14 18 23 28 29 29 21 12 2
5 5 5 4 5 7 9 12 16 19 22 23 21 18 14 14 15 18 20 23 25 25 25 25 25 24 23 22 22 22 23 24 24 25 25 28 28 29 30 31 32 31 31 32 35 36 37 37 37 37 36 35 33 32 31 30 30 30 32 34 34 33 30 26 20 14 10 6 2 4 5 5 5 5 5 4 4 5 6 6 7 8 9 9 9 9 10 14 19 26 36 32 28 24 19 16
5 5 4 5 5 6 9 12 15 19 22 23 20 13 6 9 11 15 19 22 25 25 25 25 24 23 21 20 20 21 22 23 24 25 26 28 25 27 28 29 31 30 28 30 35 36 36 36 36 36 35 34 32 31 31 30 30 29 31 34 34 32 26 18 10 10 10 8 5 1 2 3 3 3 3 3 3 3 4 5 7 8 9 9 9 9 8 10 15 22 27 25 21 24 26 26
4 3 3 3 5 6 8 10 13 17 22 24 20 16 12 8 5 10 17 23 25 25 25 24 24 23 20 18 19 20 22 23 24 26 26 25 24 25 26 27 28 27 26 28 34 35 34 34 34 33 33 32 31 31 31 30 29 27 29 31 32 29 21 13 6 9 14 14 9 3 1 1 1 1 1 1 1 2 3 4 6 8 9 9 12 14 12 7 5 14 22 23 10 22 32 31
3 2 1 1 4 5 6 9 11 12 8 12 18 20 20 15 11 14 19 24 25 25 25 24 24 23 19 17 19 20 22 23 25 25 25 24 23 23 24 25 25 25 24 25 28 30 31 31 31 31 30 29 29 31 31 31 29 26 25 26 26 23 18 12 8 7 18 19 11 5 2 0 0 0 0 0 0 0 2 4 6 8 8 12 17 20 21 17 10 19 27 31 32 31 33 33
1 1 1 2 4 5 5 5 7 9 9 9 13 18 23 22 18 20 22 25 26 26 25 25 24 23 21 19 20 21 22 24 25 25 24 22 21 22 23 23 23 23 23 23 25 27 28 28 29 29 28 27 28 29 29 29 27 23 22 21 20 18 15 10 7 5 10 14 10 5 2 0 0 0 0 0 2 2 2 4 7 9 13 18 23 28 30 29 30 31 34 36 36 35 35 35
0 1 2 3 4 5 5 6 9 12 14 11 9 13 20 24 24 24 25 26 27 27 26 25 25 25 23 22 22 22 23 24 26 25 23 21 20 20 21 21 22 22 22 23 24 25 26 26 27 28 27 26 25 25 25 24 23 20 18 17 16 14 11 8 5 3 3 8 7 4 2 0 0 0 1 4 6 8 8 6 8 16 22 25 29 34 41 39 36 35 36 36 36 35 35 36
0 1 3 4 5 5 5 7 12 16 20 16 9 11 18 24 25 26 26 27 27 27 27 26 26 26 25 24 24 24 25 25 26 26 23 20 18 19 20 20 21 21 22 23 24 24 25 26 26 27 26 24 23 22 22 21 19 17 15 13 11 9 8 5 3 3 2 3 3 2 1 0 0 0 4 8 11 14 15 13 17 25 31 35 36 35 36 40 38 35 36 36 36 34 33 36
2 3 4 5 6 6 6 7 12 18 23 20 16 17 20 24 25 26 27 27 27 27 27 27 26 26 26 26 26 25 26 26 26 26 26 24 21 19 19 19 20 21 22 23 24 24 24 25 26 26 24 21 20 19 19 18 16 14 12 9 6 5 4 3 3 2 2 1 1 0 0 0 0 1 6 12 17 21 23 23 26 32 40 41 38 32 30 33 35 36 37 37 37 35 34 37
4 4 5 6 6 6 6 7 12 18 23 23 21 21 23 25 26 26 27 27 27 27 27 27 27 26 26 26 26 26 26 25 25 26 26 26 25 23 21 19 20 21 22 24 24 24 24 24 25 26 23 18 18 17 16 15 14 13 12 10 6 4 3 3 3 2 2 1 0 0 0 0 0 1 8 15 22 29 33 32 34 38 42 41 37 31 23 28 34 37 39 39 39 38 38 39
5 5 6 6 6 6 5 7 11 18 23 25 25 25 26 26 26 27 27 28 28 28 27 27 27 26 26 26 26 26 24 24 25 25 26 26 26 24 22 21 20 21 23 24 24 24 23 24 25 26 22 17 16 15 15 14 13 12 11 9 7 4 3 3 3 2 1 0 0 0 0 0 0 0 9 19 27 36 42 40 41 42 42 42 39 33 28 29 35 38 41 42 42 42 42 42
6 6 6 6 6 6 6 5 11 18 24 26 26 26 26 27 27 27 28 29 28 28 28 27 27 26 27 27 26 25 24 23 25 25 26 26 26 24 22 21 21 22 23 24 24 23 23 23 23 23 21 16 15 14 14 13 12 11 10 8 6 4 3 2 2 1 0 0 0 0 0 1 3 6 13 22 30 36 39 39 40 41 42 42 41 38 36 36 38 41 43 43 44 46 45 43
6 6 6 6 6 7 8 10 17 24 25 25 26 26 27 27 27 27 28 29 29 29 28 28 27 27 27 27 26 26 25 25 25 26 26 26 26 24 22 21 21 21 22 24 23 23 22 22 21 20 18 15 14 14 13 13 12 11 9 8 6 3 2 1 1 0 0 0 0 0 1 4 8 14 20 27 32 35 35 35 37 40 42 42 42 41 40 41 43 44 43 43 44 47 45 44
6 8 7 6 7 9 12 16 23 26 26 26 26 27 27 27 28 28 29 29 29 29 29 28 28 27 27 27 27 27 27 27 26 26 26 26 26 25 22 21 20 21 22 23 23 22 21 21 20 18 17 16 15 14 13 13 12 11 9 7 5 3 1 1 0 0 0 0 0 0 3 8 13 19 27 31 31 32 32 33 37 41 42 42 42 42 42 43 45 45 45 43 43 45 45 44
8 11 12 8 8 13 18 23 25 26 26 26 26 27 27 28 28 29 29 29 29 29 29 28 28 27 27 27 27 27 27 27 27 26 26 26 26 24 22 19 20 21 22 23 23 22 22 21 20 18 21 18 16 15 13 13 12 11 9 7 5 2 1 0 0 0 0 0 0 0 4 10 17 24 30 31 32 33 35 38 41 41 42 42 42 42 44 45 46 46 46 45 43 43 44 44
9 14 18 17 17 20 24 25 22 22 25 26 27 27 27 28 28 29 29 29 29 29 28 28 28 27 27 27 27 27 28 27 27 27 26 26 26 24 22 20 20 20 21 23 23 22 22 22 21 21 21 19 17 15 13 13 12 11 9 6 4 2 0 0 0 0 0 0 0 0 3 13 21 28 31 32 34 35 38 37 37 39 41 43 43 42 45 46 44 42 44 45 45 44 44 45
8 14 22 21 23 23 25 24 19 17 21 26 27 27 28 28 28 29 29 29 29 29 28 28 28 27 27 27 27 28 28 28 28 27 27 27 26 25 23 22 21 20 20 20 22 22 22 22 22 21 21 19 17 15 13 12 12 11 8 6 4 2 1 1 0 0 0 0 0 0 5 16 27 31 31 33 35 37 29 20 27 35 40 43 44 43 49 45 39 38 40 44 46 46 46 47
5 6 10 10 11 15 20 24 16 12 19 24 27 27 28 28 29 29 29 29 29 29 28 28 28 27 27 27 28 28 28 28 28 28 27 27 27 26 25 24 23 22 20 19 21 22 22 22 21 21 21 19 17 14 12 11 12 10 7 5 3 2 2 1 1 0 0 0 0 2 8 17 25 31 33 35 37 33 24 9 18 32 40 45 46 46 49 42 33 32 37 43 46 47 48 49
5 5 6 5 6 9 13 18 17 17 21 25 27 28 28 28 28 29 29 29 29 29 28 28 28 27 27 28 28 28 28 28 28 28 28 27 27 27 25 25 24 23 23 22 21 22 22 22 21 21 21 20 18 13 11 12 12 11 8 6 4 3 2 1 1 0 0 0 0 3 10 17 24 30 33 36 38 35 29 21 24 34 43 49 48 49 50 42 21 25 36 43 47 48 50 51
5 5 5 5 6 6 7 12 18 21 24 26 28 28 28 28 28 28 29 29 29 28 28 28 28 28 27 28 28 29 28 28 28 28 28 28 28 27 26 25 24 24 24 24 23 23 22 22 21 21 20 18 15 11 10 12 14 13 10 8 6 4 2 1 1 0 0 0 1 4 10 17 24 29 33 36 38 38 37 36 37 42 48 49 50 49 49 43 30 31 39 46 48 49 50 51
5 5 5 5 5 6 9 14 19 25 27 28 28 28 28 28 28 28 28 28 28 28 28 28 28 27 28 29 29 29 29 28 28 28 28 28 28 27 26 25 25 25 25 25 24 24 23 22 21 20 17 13 8 7 8 11 16 14 12 9 7 5 3 1 1 0 1 2 4 5 9 17 24 30 34 37 39 40 41 42 44 47 48 50 47 43 44 47 48 45 48 50 49 49 50 51
4 4 5 5 5 8 12 17 21 22 24 27 28 28 28 28 28 28 28 28 28 28 28 27 28 28 29 30 30 30 29 29 28 28 28 29 29 28 27 25 25 25 25 26 25 24 23 21 21 20 12 4 4 6 6 6 17 15 13 11 8 5 3 1 0 0 2 5 7 8 11 23 29 32 35 38 40 41 43 44 45 47 48 49 37 35 39 44 49 52 52 52 50 49 48 49
4 4 4 5 8 12 16 21 24 15 22 27 27 28 28 28 28 28 28 28 28 28 28 28 29 30 31 31 31 30 30 29 29 28 27 27 27 28 27 26 25 25 26 26 26 24 22 21 20 19 13 8 7 9 10 8 12 15 14 12 10 6 3 1 0 3 6 9 9 9 11 18 26 32 36 39 41 43 44 45 46 46 47 43 22 26 34 41 48 51 52 52 50 48 46 47
4 4 4 7 12 16 20 24 22 17 21 27 27 27 27 28 28 28 29 28 28 28 28 29 30 30 31 31 31 31 30 30 30 29 28 28 27 28 28 27 26 26 26 26 25 21 20 19 19 19 16 14 14 17 16 13 13 14 14 13 11 8 4 2 4 7 9 10 10 9 8 8 20 31 37 40 42 45 45 46 46 46 46 42 8 20 31 41 49 51 52 53 50 48 45 47
5 4 5 10 15 20 24 26 24 23 25 28 27 27 27 27 28 28 29 28 28 28 29 30 30 30 31 31 31 31 30 30 30 29 29 28 28 28 28 28 27 27 27 27 24 20 17 19 20 20 20 19 19 18 17 16 15 14 14 12 11 10 7 7 8 9 10 10 10 9 6 3 17 32 39 41 43 45 46 46 46 46 46 39 25 26 35 44 50 49 48 49 49 48 47 48
5 4 5 12 18 24 27 27 26 27 27 27 27 27 27 27 28 28 29 28 28 29 30 31 30 30 30 30 30 30 30 30 29 29 29 28 28 28 28 28 28 28 28 28 26 23 21 22 22 23 24 24 23 20 18 17 16 14 13 12 11 11 10 10 10 10 10 10 10 9 7 6 17 29 38 40 42 44 45 47 47 47 47 43 35 36 42 48 51 43 39 41 48 48 48 48
5 6 7 13 20 26 26 27 28 28 27 27 27 27 27 27 27 28 29 28 28 29 30 31 31 30 30 30 30 30 30 29 29 29 29 29 28 28 28 28 28 28 28 28 27 26 25 25 25 25 26 25 23 21 19 17 15 13 12 12 11 11 10 10 10 10 10 10 10 10 9 8 14 23 32 37 42 44 45 47 47 47 47 47 45 45 48 50 43 28 22 31 44 49 49 49
8 11 14 18 22 25 26 27 28 27 27 27 27 26 27 27 28 28 29 29 28 29 29 30 30 30 30 30 30 30 29 29 29 29 29 29 29 28 28 28 28 28 28 28 27 27 27 26 26 25 25 24 22 20 19 18 16 13 12 11 11 10 10 10 10 11 11 10 10 10 10 9 11 18 25 33 41 43 44 46 46 46 46 46 47 47 48 47 34 18 16 30 41 49 49 49
10 17 21 21 22 24 25 26 27 27 27 27 26 26 26 27 28 28 29 29 29 29 29 30 30 30 30 30 30 30 30 29 29 29 29 29 29 28 28 28 28 28 28 27 27 27 27 27 26 25 24 23 21 20 20 19 18 15 12 11 11 10 10 10 10 11 11 10 10 11 12 12 11 13 20 29 37 40 42 44 45 45 44 45 46 48 49 47 37 28 28 36 44 49 48 48
10 15 17 17 19 22 24 25 26 26 26 26 26 22 21 24 27 28 29 29 29 29 29 30 30 30 30 30 30 30 30 30 30 30 29 29 28 28 28 28 28 28 27 27 27 27 27 27 26 26 25 23 22 21 21 21 20 18 13 11 10 10 10 10 10 10 10 10 11 12 14 16 17 11 18 26 34 37 39 42 43 43 44 43 44 45 47 49 46 39 39 43 46 48 48 48
7 7 6 12 17 22 24 24 24 26 26 27 27 19 13 21 26 28 29 29 29 29 29 30 30 30 30 30 30 30 31 31 31 30 29 29 28 28 28 28 28 27 27 27 27 27 27 27 26 25 25 24 23 23 22 22 22 22 16 12 11 10 10 10 10 11 11 11 11 13 17 22 29 20 21 25 32 34 36 37 39 42 43 43 42 43 45 47 48 47 47 47 48 48 48 48
6 6 7 11 17 22 21 20 21 23 26 26 27 22 20 22 26 28 29 29 29 29 29 30 30 31 31 30 31 31 31 31 31 30 29 28 28 28 28 28 27 27 27 27 27 27 27 27 25 23 22 23 24 23 23 23 22 21 17 13 11 10 10 10 11 12 13 12 11 13 19 26 32 29 27 28 31 33 35 36 36 41 44 43 42 43 44 45 46 45 45 46 47 47 48 48
