大二/遥感图像处理/data/data5/chm.asc
ncols         590
nrows         438
xllcorner     268314.0438407
yllcorner     4147681.9374771
cellsize      0.20000000000001
NODATA_value  -9999
[rows 177 to 235 of 438, columns 0 to 95 of 590]
20 20 20 20 20 20 20 20 20 20 20 20 20 20 20 20 20 20 19 16 14 13 13 13 13 13 13 13 12 12 12 12 13 13 13 14 15 16 18 19 20 21 22 22 22 22 23 23 23 23 24 24 24 24 24 24 24 24 24 24 30 34 36 37 37 37 36 35 35 36 38 39 40 40 40 40 39 37 37 39 39 38 37 36 36 35 34 33 32 34 33 32 31 31 30 29
20 20 20 20 20 20 20 20 20 20 20 20 20 20 20 20 20 20 20 18 15 13 13 13 13 13 13 13 13 12 13 13 13 13 13 14 19 19 19 19 20 21 22 22 21 22 23 23 23 23 23 24 24 24 24 24 24 24 25 27 32 35 37 37 37 37 34 33 33 35 38 39 40 40 40 39 39 39 39 38 38 38 37 36 35 35 31 27 28 31 32 31 30 30 30 30
19 20 20 20 20 20 20 20 20 20 20 20 20 20 20 20 20 19 19 19 15 13 13 14 14 14 14 14 13 13 13 13 13 12 12 12 15 18 19 19 20 21 21 21 21 21 22 23 23 23 23 23 24 24 24 23 23 24 26 30 36 37 37 36 34 33 30 30 33 36 38 39 40 40 39 39 39 39 38 38 38 37 37 36 35 34 28 19 22 29 32 31 31 30 31 31
19 19 20 20 21 21 20 20 20 20 20 19 19 19 20 20 19 19 19 19 16 15 14 15 15 15 15 15 14 14 14 14 11 8 6 8 13 17 19 19 20 20 20 21 21 21 22 22 22 22 23 23 23 23 23 23 23 25 27 31 34 37 36 34 32 30 27 32 35 37 38 39 39 39 39 39 39 38 38 38 37 37 36 35 34 30 21 16 24 31 33 32 31 31 31 31
20 20 20 21 21 21 20 20 20 20 20 19 19 19 19 19 19 19 19 19 18 16 16 16 16 16 16 15 15 14 14 13 10 6 2 7 13 17 19 20 20 20 20 20 21 22 22 21 22 22 22 22 22 23 23 23 24 25 26 27 29 34 35 33 32 31 31 35 38 38 38 38 39 39 39 38 38 38 38 38 37 36 36 35 33 31 26 25 29 32 33 32 32 31 31 31
24 22 21 21 21 20 20 20 20 20 19 19 19 19 19 19 19 19 19 19 18 18 17 17 17 16 15 15 15 15 14 13 11 9 8 10 15 18 19 20 20 20 20 20 20 20 20 21 21 21 21 21 21 22 22 23 24 24 24 24 24 28 31 31 32 33 36 38 38 38 38 38 38 38 38 38 38 38 38 38 37 36 35 33 33 32 32 33 33 33 33 32 32 32 32 32
27 24 22 21 21 20 20 20 20 20 19 19 19 19 19 19 19 19 19 19 19 18 18 17 15 13 13 14 15 15 15 14 13 12 13 15 18 19 20 20 21 21 20 20 20 19 20 21 21 21 21 21 21 22 22 23 23 23 23 23 22 23 26 29 32 35 37 38 38 38 38 38 38 38 38 38 38 38 38 37 37 35 33 32 32 33 33 33 33 33 33 32 32 32 32 33
28 25 22 21 21 20 20 20 20 20 20 19 19 19 19 20 20 20 19 19 19 18 18 15 12 9 7 12 16 15 15 15 16 16 17 19 19 20 20 20 20 20 20 20 20 20 21 21 21 21 21 21 21 22 22 22 23 23 23 23 23 25 28 31 34 36 37 36 37 37 37 37 37 38 37 38 38 38 38 37 37 35 34 33 33 33 33 33 33 33 33 33 32 33 34 33
28 24 21 21 21 20 20 20 21 20 20 20 20 20 20 20 20 20 20 19 19 18 17 14 11 7 2 8 16 16 16 16 18 19 20 21 20 20 20 20 20 20 19 20 20 21 22 22 21 21 20 20 21 21 22 22 22 22 22 23 24 26 30 33 36 37 35 34 35 36 36 36 37 37 37 37 37 38 38 37 36 35 34 33 33 33 33 33 33 32 32 32 33 34 34 34
27 23 21 21 20 20 20 22 22 21 21 20 20 20 20 20 20 20 20 19 19 18 16 14 11 9 7 13 16 16 16 17 18 20 21 21 21 20 20 20 20 19 19 20 20 21 21 21 21 21 20 19 20 21 21 21 22 22 22 23 24 27 32 35 37 36 34 33 34 35 36 36 36 36 36 36 37 38 37 36 35 34 33 32 32 32 32 32 32 32 30 31 34 34 34 34
29 24 21 20 21 22 25 26 25 23 21 20 20 20 20 20 20 20 20 19 18 17 16 14 13 13 14 15 16 16 17 17 19 20 21 21 21 21 20 20 20 20 19 20 20 20 19 19 20 20 19 18 19 20 20 21 21 21 22 22 23 27 33 35 35 35 34 32 32 34 35 35 35 35 35 35 34 35 35 34 33 32 32 31 31 32 32 32 32 29 27 27 31 33 33 33
30 26 23 20 22 25 30 30 27 24 22 20 20 20 20 20 20 20 18 17 17 16 16 14 14 14 15 16 17 17 17 18 19 20 21 21 21 21 21 20 21 20 20 19 19 19 19 18 19 19 18 18 19 20 20 20 20 20 20 21 21 25 32 34 34 33 32 31 31 32 33 35 35 35 35 34 34 33 33 33 32 32 31 30 30 31 32 32 30 28 27 28 30 31 32 33
31 28 25 22 24 26 29 31 28 25 22 20 20 20 20 20 20 18 16 15 15 15 15 14 13 14 15 17 18 18 18 19 20 21 21 21 21 21 21 21 21 21 21 20 19 19 19 18 18 18 18 18 19 20 21 20 20 20 20 20 21 25 30 32 31 30 30 29 30 30 31 33 34 34 34 34 34 33 33 32 32 31 30 29 29 31 31 30 28 28 28 28 29 30 32 33
33 31 29 28 27 26 25 26 25 23 21 20 20 20 20 20 19 17 15 13 13 13 14 14 12 14 16 18 19 19 19 20 21 22 22 22 22 22 21 21 21 21 21 20 20 20 19 19 18 17 17 18 19 20 20 20 20 19 19 20 21 24 27 27 27 27 27 27 28 29 31 32 33 33 34 34 33 33 33 32 32 31 30 29 30 31 28 23 26 28 29 29 29 30 31 32
34 34 33 33 33 27 21 22 22 21 20 20 20 20 20 20 18 16 13 11 10 10 12 14 14 15 17 19 20 20 20 20 21 22 22 22 22 22 22 22 22 22 22 21 21 20 20 19 17 16 16 17 18 19 20 20 19 19 19 19 21 22 23 23 24 25 25 26 26 28 33 32 32 33 33 33 33 33 33 32 32 31 30 29 29 32 28 26 26 28 30 30 30 31 32 32
34 34 34 34 34 32 26 22 20 20 20 20 20 20 20 19 18 15 12 9 6 7 10 13 15 17 18 19 20 20 20 20 21 22 22 22 22 23 22 22 22 22 22 22 21 21 20 19 17 16 15 16 18 19 19 19 19 20 20 20 21 23 25 24 23 24 24 24 24 27 32 30 31 32 33 33 33 33 33 32 32 31 30 29 29 29 28 27 27 28 29 30 30 31 32 33
34 34 34 35 33 30 25 23 22 21 20 20 20 20 20 19 17 15 12 8 3 6 9 12 16 17 18 19 20 20 20 20 21 22 22 22 23 23 23 23 22 22 22 22 21 21 20 19 17 16 14 16 17 19 19 20 20 21 21 21 22 23 25 25 24 24 24 24 24 25 26 29 31 32 32 32 32 32 32 33 32 30 29 28 28 27 27 26 27 27 28 29 30 30 31 34
35 34 34 33 29 24 25 25 24 23 21 20 20 20 20 18 15 13 13 10 7 8 10 12 14 16 17 19 20 21 21 21 21 22 22 22 22 23 23 23 23 22 22 21 21 21 21 19 17 16 15 16 17 19 20 20 21 21 21 21 22 23 24 25 25 24 24 24 24 24 26 28 31 31 31 31 30 31 31 32 31 29 28 21 23 24 25 25 25 26 26 26 26 25 28 31
35 34 34 31 27 24 26 28 27 25 23 21 20 20 18 15 9 5 8 8 8 9 10 12 14 15 17 18 20 21 21 21 22 22 23 23 23 23 23 23 22 22 21 21 21 21 20 19 18 17 16 16 17 18 19 20 21 21 21 21 22 23 24 24 24 24 24 24 24 23 26 28 30 30 29 29 29 29 29 29 27 25 18 14 19 22 23 24 24 24 24 24 22 22 26 29
35 35 33 31 30 30 30 31 28 26 24 22 21 19 17 13 8 3 5 7 8 9 11 12 13 14 16 18 20 21 21 21 22 22 23 23 23 23 23 22 22 22 22 21 21 20 20 18 17 17 16 16 17 18 19 20 21 22 22 22 22 23 23 24 24 24 24 24 23 24 25 26 26 27 27 27 27 27 28 27 22 20 19 16 18 20 21 22 22 22 22 21 23 25 26 28
35 35 34 33 33 33 33 32 29 27 24 22 21 19 16 12 8 4 3 5 7 9 11 12 13 14 17 20 21 21 21 22 22 22 23 23 23 23 22 22 22 22 22 21 21 20 19 18 17 17 16 16 17 18 19 20 21 22 22 22 22 23 23 24 24 24 24 23 23 23 23 23 23 23 24 25 26 25 25 20 12 13 18 19 19 20 20 21 21 20 20 23 26 27 28 29
36 35 35 36 35 34 34 32 30 27 25 23 21 18 15 11 8 5 3 3 7 10 12 13 14 15 18 21 21 21 21 21 21 22 22 23 23 23 22 22 22 22 22 21 21 20 19 18 17 16 16 16 17 18 19 20 22 22 22 22 22 23 23 23 24 24 23 23 23 22 21 20 20 20 20 23 25 22 18 11 1 11 17 21 21 21 21 21 20 20 21 26 30 29 29 29
39 38 38 38 37 36 35 32 30 28 25 23 20 17 14 11 8 5 4 5 7 11 14 14 14 15 17 20 20 20 20 20 21 21 22 23 23 23 22 22 22 21 21 21 21 20 19 18 17 16 16 16 17 18 19 20 21 22 22 22 22 23 23 24 24 23 23 23 22 21 20 18 16 15 18 21 21 20 18 15 12 15 19 21 21 21 21 20 20 20 22 25 28 29 28 26
41 41 42 42 39 37 35 33 31 28 25 22 19 17 14 11 8 6 7 8 10 12 15 14 14 15 17 18 20 20 20 20 19 20 21 22 23 23 22 22 21 21 21 21 20 20 19 18 17 16 16 16 17 18 19 20 21 22 22 22 22 23 23 24 23 23 23 23 22 21 19 15 11 11 16 19 20 20 20 20 20 20 20 21 21 21 20 20 20 21 23 25 27 29 26 23
44 43 43 43 40 37 35 33 30 26 23 20 17 15 13 11 9 9 9 10 12 13 15 15 15 16 17 18 19 19 19 19 19 19 21 22 22 22 22 21 21 20 20 21 20 19 18 17 16 16 16 16 17 18 19 19 20 21 22 23 22 22 23 23 23 23 23 22 22 22 20 13 3 10 17 19 19 19 20 21 21 21 21 21 21 20 20 20 20 21 23 24 26 26 22 20
44 44 43 42 39 36 34 31 27 23 19 16 14 13 12 12 12 11 12 13 14 15 15 15 15 16 17 18 19 19 19 19 19 20 21 21 22 21 21 20 20 19 19 20 20 19 17 16 16 15 15 16 17 17 18 19 20 21 21 21 21 22 22 22 22 22 22 22 22 21 21 19 16 17 17 15 16 18 20 21 21 21 21 21 21 20 20 20 21 22 23 24 25 22 19 16
44 44 43 40 37 33 32 29 24 19 16 13 12 11 11 12 13 14 14 15 16 17 16 16 16 16 17 18 18 19 19 19 20 21 21 21 21 21 20 19 19 18 18 19 18 17 16 15 15 14 14 15 16 16 17 18 19 20 21 21 21 21 22 22 21 21 21 21 21 21 20 20 18 12 3 9 13 17 19 21 21 21 21 21 21 21 21 21 21 22 23 23 23 19 15 11
44 44 43 39 35 33 32 27 21 16 12 10 9 10 11 12 14 15 16 17 18 19 17 17 17 17 17 18 18 18 19 19 21 22 22 21 21 20 19 18 17 17 17 17 17 16 15 14 13 13 14 14 15 15 16 17 18 20 20 21 21 21 21 21 21 20 20 20 20 20 20 19 18 15 8 9 13 16 19 21 21 21 21 21 21 22 22 22 22 22 23 23 23 18 12 5
44 44 42 39 35 33 32 27 19 12 7 7 8 9 11 13 15 16 17 18 19 19 18 18 19 18 18 18 18 18 19 19 20 22 22 21 21 21 19 18 16 15 15 16 16 14 13 13 12 12 13 14 14 14 15 15 18 20 20 20 21 20 20 20 20 19 19 19 20 19 19 19 18 17 14 13 15 18 20 21 21 21 21 21 22 22 23 23 23 24 24 24 23 23 14 6
42 40 40 38 35 33 33 29 19 9 2 5 8 10 12 14 16 17 19 19 19 19 19 20 21 20 20 19 18 19 19 20 21 21 22 21 21 21 20 18 15 14 15 15 15 14 12 12 12 12 12 13 13 14 14 15 18 19 20 20 20 20 19 19 19 19 18 19 19 19 19 18 18 18 18 18 19 20 20 21 22 22 22 22 23 23 24 24 24 24 24 23 21 19 16 11
36 30 34 39 35 31 28 23 13 6 4 7 10 13 15 16 18 18 19 19 19 20 21 22 23 23 22 20 19 19 20 21 21 22 22 22 21 21 21 19 18 16 15 15 14 13 12 12 12 12 12 12 12 13 14 15 17 19 19 19 19 19 18 18 19 18 18 18 19 19 18 18 18 18 18 19 20 20 21 21 22 23 23 23 23 24 24 24 24 24 24 21 16 13 16 16
31 31 35 38 34 25 17 10 7 7 9 12 15 16 17 18 19 19 19 20 20 21 21 22 24 24 23 22 21 21 21 21 22 22 22 22 21 21 21 20 21 18 16 15 14 13 12 12 12 12 12 12 12 12 14 15 17 18 18 18 18 17 17 17 17 18 18 18 18 18 18 18 18 18 18 19 19 20 21 22 23 24 24 24 24 24 24 24 23 22 22 17 10 2 13 21
29 32 36 38 34 25 14 2 6 10 13 18 20 20 20 20 19 19 20 20 21 22 22 23 24 24 24 24 23 22 22 22 22 22 22 22 21 21 20 18 17 16 15 14 13 13 12 12 12 12 12 12 12 12 14 15 17 17 17 17 17 16 16 15 14 12 12 17 18 18 17 17 18 18 18 19 19 20 21 22 23 23 24 24 24 24 24 24 21 18 15 12 10 8 14 20
31 36 39 40 39 33 23 14 12 14 18 21 23 23 22 21 19 19 20 21 22 22 23 24 24 24 24 24 24 23 23 23 22 22 22 22 21 21 19 16 12 13 13 13 13 13 13 12 12 12 12 12 12 13 14 16 16 16 16 15 15 16 16 13 10 5 2 11 17 17 17 17 17 18 19 20 20 21 21 22 23 23 23 24 24 24 24 24 18 13 8 8 11 14 19 21
38 41 44 45 44 41 34 24 19 19 21 22 23 25 25 23 21 20 21 22 23 23 24 24 24 24 24 24 24 24 24 23 23 22 22 22 21 21 20 16 13 13 14 15 15 14 13 12 12 12 12 12 12 13 14 15 15 14 14 13 13 13 16 10 6 5 7 12 16 17 17 17 17 17 18 20 21 22 22 22 23 23 23 24 24 24 24 24 17 10 1 7 13 19 20 19
20 32 42 47 46 46 40 30 24 23 24 24 26 30 28 26 24 22 22 23 23 24 24 24 24 24 24 24 24 24 24 24 23 23 23 22 22 21 21 17 13 14 15 17 17 16 14 12 12 12 12 12 12 13 13 13 13 12 12 11 11 10 10 5 4 6 8 11 14 16 17 17 17 17 18 21 22 22 22 22 22 23 23 24 24 24 24 24 21 16 10 12 17 20 18 15
20 25 37 46 46 43 36 28 28 28 28 29 31 33 30 28 26 24 23 23 24 25 24 24 24 24 24 24 24 25 25 25 24 23 23 22 21 21 21 19 16 16 17 19 21 18 16 13 12 12 12 12 12 12 13 12 11 11 10 9 9 8 5 1 4 6 9 11 14 15 16 17 17 17 18 21 22 22 22 22 22 22 23 24 24 25 25 24 23 22 20 19 21 19 15 11
32 31 38 46 46 43 38 35 35 34 32 32 33 34 32 30 28 26 25 24 25 25 24 24 24 24 24 24 25 25 25 25 24 23 23 22 22 21 21 21 19 18 19 21 21 19 17 14 13 12 12 12 12 12 12 11 10 9 8 8 7 6 3 3 5 7 9 12 14 15 16 17 17 18 18 20 21 21 21 21 21 22 23 24 24 25 25 24 24 23 23 23 24 18 12 7
39 38 43 46 46 45 44 42 41 38 35 34 35 35 34 32 30 28 26 25 25 25 24 24 24 24 25 25 25 25 25 25 24 23 23 22 22 22 21 21 21 20 21 21 21 19 17 15 14 12 12 12 12 12 12 10 8 7 7 7 6 6 5 5 7 9 10 12 14 15 16 17 17 18 19 19 20 21 20 20 20 22 23 24 24 25 25 24 24 24 23 23 23 17 10 4
44 43 46 46 46 46 46 45 42 39 36 35 36 37 35 33 31 29 27 25 25 25 25 25 25 25 25 25 25 25 25 25 24 23 22 22 22 22 22 22 22 21 21 21 21 20 18 17 15 13 12 12 12 12 12 10 5 4 5 6 7 7 8 8 9 10 11 12 14 15 16 17 17 18 19 19 20 20 20 20 22 23 24 24 24 24 25 25 25 24 23 23 23 18 13 11
47 46 46 46 46 46 46 45 42 40 38 36 37 37 35 34 32 30 28 26 24 25 26 26 26 25 25 25 25 25 25 24 24 23 22 22 22 22 22 22 22 21 21 21 21 20 19 18 16 15 14 13 12 12 12 9 5 3 7 8 9 10 10 10 10 11 12 13 14 15 16 17 17 18 19 19 19 19 20 21 22 24 24 24 24 24 24 24 25 24 24 23 23 22 19 18
47 46 46 46 46 46 45 44 42 40 38 37 37 36 34 33 32 31 29 26 25 26 27 27 27 26 25 25 25 25 25 24 23 22 22 22 22 22 22 22 21 21 21 21 21 21 20 19 18 17 15 14 13 12 11 10 9 10 10 10 10 10 11 11 11 12 12 13 15 16 16 17 17 18 18 16 17 18 20 21 22 24 24 24 24 24 24 24 25 25 24 24 23 23 23 22
47 46 46 46 46 46 44 43 41 40 38 38 37 36 34 33 33 32 30 29 28 28 29 28 27 27 26 25 25 25 25 24 23 23 22 22 22 22 22 22 21 21 21 21 21 20 20 20 19 18 16 14 13 12 11 11 10 11 10 10 10 10 11 12 12 13 13 14 15 16 16 16 17 17 17 17 17 18 19 20 21 23 24 24 24 24 24 24 24 24 24 24 23 23 24 24
46 46 46 46 45 44 43 42 41 39 38 38 37 37 36 36 35 33 32 31 30 30 31 29 28 27 26 25 25 25 25 24 24 23 23 23 22 22 22 22 21 21 21 21 20 20 20 20 19 18 16 14 13 12 12 11 11 11 10 10 10 11 11 12 12 13 14 15 15 16 16 16 16 16 17 17 18 19 19 20 21 22 23 24 24 24 24 24 24 24 23 23 23 22 23 24
46 46 46 46 45 43 42 41 40 38 39 39 38 38 38 37 35 34 33 32 31 31 32 29 27 26 25 25 25 24 24 24 24 23 23 23 23 23 22 22 21 21 21 21 20 20 20 20 19 17 14 13 12 12 12 11 11 11 11 10 10 11 11 12 13 13 14 15 15 16 15 15 15 16 17 17 18 19 19 20 20 21 22 23 24 24 24 25 25 24 23 22 22 22 22 23
47 46 46 45 44 42 41 40 39 39 40 41 39 39 39 38 36 34 33 32 32 32 30 26 25 25 25 24 24 24 24 24 24 23 23 23 23 23 23 22 21 21 21 21 20 20 20 20 19 16 13 12 12 12 12 12 11 11 10 10 10 11 12 12 13 14 14 15 16 15 15 15 15 16 17 17 18 19 20 20 20 21 22 23 23 24 24 24 24 23 22 22 22 22 21 23
47 47 47 46 44 42 41 41 42 42 42 41 40 40 39 38 36 34 32 31 31 31 28 26 25 25 25 24 24 23 23 23 23 23 23 23 23 23 23 22 22 22 22 21 21 20 20 19 19 17 14 13 12 12 12 12 11 11 10 10 10 11 12 13 14 14 14 15 15 15 15 15 15 16 17 17 18 19 19 20 19 19 21 22 23 23 23 23 23 22 22 22 22 21 22 24
48 48 47 47 45 41 39 45 46 46 44 42 41 41 40 38 36 34 31 30 29 28 26 25 25 24 24 24 23 23 22 22 23 24 24 24 23 23 23 23 23 23 23 22 21 20 20 19 19 17 15 14 13 14 13 12 12 11 10 10 10 12 13 13 14 14 14 14 14 14 14 15 15 16 17 17 18 18 18 17 13 15 18 21 22 22 22 22 22 22 22 22 21 21 22 24
48 48 48 48 47 44 43 46 46 45 43 42 42 41 41 39 36 33 30 27 26 25 25 24 24 24 23 23 22 22 21 22 24 24 25 24 23 23 24 24 24 24 24 23 22 20 20 19 19 18 16 15 16 15 14 13 12 11 10 10 11 12 13 14 14 14 13 13 13 12 13 13 15 16 17 18 18 17 16 10 2 9 14 18 20 21 21 21 21 21 22 21 21 21 22 24
49 49 49 48 48 46 45 46 45 44 43 43 42 42 42 41 37 32 28 24 24 24 24 23 23 23 23 22 22 21 21 22 23 24 25 25 24 24 25 25 25 25 25 24 22 21 20 20 19 19 18 18 18 17 14 12 11 11 10 10 11 13 14 14 14 13 13 12 12 11 11 12 14 16 17 18 17 15 13 10 5 3 9 13 17 19 20 20 20 20 20 20 20 20 23 26
50 49 49 48 48 47 47 47 46 45 44 43 43 42 42 42 38 34 30 25 23 23 23 23 22 22 22 22 21 21 21 22 23 24 25 25 25 25 25 26 26 25 25 24 22 21 20 20 21 20 19 19 20 18 13 11 10 10 9 10 12 14 15 15 14 13 12 11 10 10 10 11 13 15 17 16 14 12 10 8 4 1 5 9 13 17 19 19 18 19 19 19 17 15 16 26
51 50 49 48 47 47 47 47 47 46 45 44 43 42 41 42 41 38 35 28 23 23 22 22 22 22 22 21 21 21 21 22 22 23 24 25 25 25 25 26 26 26 26 24 22 21 21 21 22 21 19 19 18 16 9 7 7 8 10 9 10 13 16 16 14 13 11 9 8 8 9 10 13 15 15 14 12 10 8 6 3 1 2 6 11 15 19 19 19 19 18 18 14 6 8 20
51 50 49 48 47 45 48 48 47 47 46 45 44 42 42 42 42 40 38 27 24 23 22 22 21 21 21 21 21 21 21 22 22 23 23 24 25 26 26 26 26 26 26 25 22 21 22 22 22 20 18 17 16 15 5 3 6 8 10 7 7 11 16 17 15 12 10 7 6 6 7 10 12 14 13 12 10 8 6 4 2 1 1 4 8 12 16 18 19 19 19 18 17 15 16 23
52 51 49 48 46 45 46 47 48 48 47 46 44 43 42 43 41 39 35 31 27 25 23 22 21 21 21 21 21 22 22 22 22 23 23 24 25 26 27 27 27 26 26 26 24 23 23 24 24 20 16 14 14 16 11 8 9 10 10 6 1 8 15 17 15 12 9 5 3 5 8 10 12 12 11 10 8 6 5 3 1 0 1 3 6 10 13 16 19 20 20 20 20 21 25 28
51 51 50 48 47 46 46 47 48 48 47 46 44 42 42 41 40 38 35 32 29 27 25 23 21 21 21 21 22 22 22 22 23 23 23 24 25 27 27 27 27 27 27 27 26 25 25 25 25 18 13 9 8 13 16 13 13 13 12 10 7 10 15 16 15 13 10 7 4 7 10 11 12 11 9 8 6 4 3 2 1 0 0 1 4 7 11 14 17 20 22 21 22 26 32 36
51 51 50 49 48 47 47 47 48 47 46 45 44 42 40 39 39 37 35 32 30 27 25 24 22 21 21 21 22 22 23 23 23 23 23 24 25 26 27 27 27 27 27 27 27 27 27 25 23 18 10 2 7 12 16 18 18 17 16 14 12 13 15 17 16 15 12 10 9 12 12 12 11 10 8 6 4 3 2 1 0 0 0 0 1 5 9 12 16 20 25 24 22 25 32 37
49 48 49 49 49 48 48 48 47 46 45 44 44 42 39 38 38 37 35 32 30 28 26 24 22 21 21 21 22 23 23 23 23 23 24 24 26 26 27 27 27 27 27 27 27 27 26 24 23 19 14 10 11 15 19 21 22 21 20 17 15 15 17 18 18 16 15 14 14 15 14 13 11 9 6 4 3 1 0 0 0 0 0 0 0 3 7 11 15 20 26 31 28 28 32 35
40 43 46 48 49 49 48 47 46 45 45 44 44 43 41 39 38 36 34 32 30 28 26 24 23 21 22 22 22 23 23 23 23 23 24 25 26 26 26 26 27 27 27 27 27 26 25 23 22 21 19 18 18 20 21 23 25 25 23 21 19 18 19 19 19 18 18 18 18 18 16 13 11 8 5 3 1 0 0 0 0 0 0 0 0 2 6 10 14 19 25 33 33 31 33 35
30 38 44 48 49 48 47 46 45 44 44 44 44 44 43 40 38 36 34 31 29 27 25 23 22 22 22 22 22 23 23 23 23 24 24 25 26 26 26 26 26 26 26 26 26 25 23 23 22 22 22 22 22 22 23 24 25 26 25 23 21 19 19 19 19 19 19 19 19 18 17 14 10 7 4 1 1 0 0 0 0 0 0 0 0 1 4 8 13 18 23 29 32 33 33 35
