大二/遥感图像处理/data/data5/chm.asc
ncols         590
nrows         438
xllcorner     268314.0438407
yllcorner     4147681.9374771
cellsize      0.20000000000001
NODATA_value  -9999
[rows 236 to 294 of 438, columns 384 to 479 of 590]
41 40 39 39 39 39 39 39 38 38 37 36 35 34 32 30 29 28 27 27 27 27 27 28 28 27 27 27 26 25 24 23 22 22 22 22 22 23 24 25 26 25 25 25 26 25 25 25 25 24 24 21 20 20 21 22 22 22 22 22 22 23 23 23 22 22 22 21 20 19 20 22 21 21 21 21 19 15 9 5 1 0 0 0 0 0 0 0 0 0 1 1 1 1 1 1
40 40 40 40 39 39 39 39 38 38 37 35 32 29 29 29 28 27 27 27 27 28 29 29 29 29 29 28 27 25 24 23 23 23 23 23 24 24 25 25 26 26 26 26 26 26 26 25 24 25 21 17 16 18 20 21 22 22 22 22 22 23 23 23 22 22 21 18 15 14 16 21 22 22 21 21 19 15 10 5 2 0 0 0 0 0 0 0 0 0 1 1 1 2 2 1
40 40 40 40 40 39 39 38 38 38 37 33 30 27 27 27 27 27 26 27 28 29 30 30 29 29 29 30 28 26 24 24 24 24 24 24 24 25 25 25 26 26 26 26 25 25 25 23 22 21 16 11 11 15 20 21 21 22 22 22 22 23 23 23 22 22 20 16 11 8 11 18 22 21 22 22 19 15 10 6 1 0 0 0 0 0 0 0 0 0 0 1 2 2 2 2
40 40 40 40 40 39 39 38 38 37 34 30 28 26 25 25 25 25 25 25 27 30 30 30 30 29 29 31 29 26 25 25 25 25 25 25 25 25 25 25 25 26 26 25 25 24 23 22 20 19 14 5 9 15 19 21 21 22 22 22 22 23 23 22 22 22 21 16 9 1 12 19 22 21 21 20 19 15 10 5 1 0 0 0 0 0 0 0 0 0 0 1 2 3 3 4
40 40 39 38 39 39 39 38 38 37 33 29 28 26 24 23 23 21 20 18 19 26 31 31 30 28 27 28 27 26 27 28 28 27 25 25 25 25 25 25 25 25 25 25 24 23 22 21 20 20 19 12 14 17 19 21 22 22 22 22 22 23 22 22 22 22 22 19 14 15 20 21 21 21 20 20 19 13 8 4 1 0 0 0 0 0 0 0 0 0 0 1 2 3 4 4
40 40 39 37 37 38 38 38 38 38 36 31 28 25 22 21 21 20 18 12 14 24 32 32 31 30 29 27 26 26 30 32 30 28 26 25 25 25 25 25 25 25 25 25 23 22 21 20 20 20 20 19 18 19 20 21 22 22 22 22 22 22 22 22 22 22 21 21 21 21 22 22 21 20 19 18 15 10 5 2 0 0 0 0 0 0 0 0 0 0 0 1 2 3 4 3
40 40 39 37 37 38 38 38 39 39 36 32 28 24 20 18 20 21 20 19 22 29 34 34 33 32 32 31 29 30 32 33 31 29 27 26 25 25 25 25 25 25 25 24 23 22 20 20 20 20 20 20 20 20 21 21 22 22 22 22 22 22 21 21 21 21 21 21 21 21 22 21 21 20 18 16 13 7 1 0 0 0 0 0 0 0 0 0 0 0 1 2 3 4 4 3
40 40 38 37 38 38 39 39 39 38 36 32 28 22 16 15 20 24 26 30 35 35 35 35 34 34 35 35 35 34 34 34 32 30 29 26 25 25 25 25 25 25 24 23 23 21 20 20 20 20 20 20 20 21 21 21 21 22 22 22 22 21 21 21 21 21 21 21 21 21 21 21 20 19 18 15 11 5 1 0 0 0 0 0 0 0 0 0 0 0 1 2 4 5 5 4
39 38 37 37 37 38 38 38 38 38 33 30 27 22 13 8 24 28 31 35 36 35 35 33 33 35 37 37 37 36 35 34 33 32 30 27 25 24 24 24 24 24 24 23 22 21 21 21 20 20 20 20 20 20 21 21 21 21 22 22 21 21 21 21 21 21 21 21 21 21 21 21 20 19 17 14 10 5 3 2 1 0 0 0 0 0 0 0 0 0 1 2 3 4 5 5
38 37 37 37 37 37 37 35 31 26 25 25 26 24 17 18 26 31 33 35 36 36 35 32 29 34 37 37 37 36 35 34 34 33 32 26 25 24 24 24 24 24 23 23 22 22 21 21 20 20 20 20 20 20 21 21 21 21 21 21 21 21 21 21 21 21 21 22 21 21 21 21 20 19 18 14 9 6 5 3 2 0 0 0 0 0 0 0 0 0 1 1 0 0 3 5
37 37 37 37 37 37 36 30 23 13 7 16 24 26 25 26 30 35 34 36 37 37 35 32 32 37 37 37 37 36 35 34 34 33 33 29 27 25 23 24 24 24 24 23 23 22 21 21 20 20 20 20 20 21 21 21 21 21 21 21 21 21 21 21 21 21 21 21 21 21 21 20 19 18 16 13 9 7 5 4 2 1 0 0 0 0 0 0 0 0 0 0 1 2 3 5
36 37 37 38 37 37 36 29 23 15 9 19 26 29 30 32 35 38 37 37 38 38 37 34 36 38 38 38 37 35 35 34 34 34 34 32 29 27 25 24 25 25 25 24 23 22 21 21 20 20 20 20 21 21 21 21 21 21 21 21 21 21 21 21 21 21 21 21 21 21 20 20 19 18 16 12 10 7 5 4 2 1 0 0 0 0 0 0 0 0 0 0 1 3 4 6
37 38 39 39 38 38 37 32 28 24 23 25 29 32 34 36 38 38 38 39 40 41 43 40 39 40 40 40 38 35 35 35 35 35 34 34 31 29 27 25 25 25 25 25 24 23 21 20 20 20 20 21 21 21 21 21 21 21 21 21 21 21 21 21 21 21 21 21 21 21 20 19 18 17 15 12 10 7 5 4 2 1 0 0 0 0 0 0 0 0 0 1 2 4 5 6
39 39 40 40 40 39 38 35 32 30 29 29 31 33 35 37 39 39 39 40 41 42 43 43 42 41 41 42 40 37 37 37 36 36 36 35 34 32 30 26 25 25 26 25 24 23 22 21 20 20 21 21 21 21 21 21 21 21 21 21 21 21 21 21 21 21 21 21 21 20 20 18 18 17 15 12 9 7 5 4 2 2 2 0 0 0 0 0 0 0 0 1 2 4 6 7
40 41 41 41 40 40 39 37 35 34 33 33 34 36 36 37 39 40 40 40 41 42 44 44 44 43 42 42 41 39 38 38 37 37 38 37 36 34 32 29 26 27 27 26 25 24 22 21 20 20 20 21 21 21 21 21 21 21 21 21 21 21 21 21 20 20 20 20 20 20 20 20 20 16 13 10 8 6 4 3 2 3 4 1 0 0 0 0 0 0 0 0 2 3 5 7
41 41 41 41 41 40 39 38 37 36 36 36 38 38 38 38 39 41 42 42 42 43 44 46 46 44 42 42 41 40 39 39 39 39 39 39 38 37 36 32 30 29 29 27 26 24 22 21 20 20 20 20 21 21 21 21 21 21 21 21 21 21 21 20 20 20 20 20 20 20 20 18 16 13 11 9 7 5 3 2 2 4 6 2 0 0 0 1 1 1 1 1 1 1 3 7
41 41 41 41 40 40 40 39 38 38 38 38 39 39 39 40 40 43 44 43 43 43 45 46 47 45 43 42 41 41 40 40 40 40 41 38 37 40 39 36 34 33 30 28 26 24 22 21 20 20 20 20 21 21 21 21 21 21 21 21 21 20 20 20 20 20 19 19 20 20 18 15 12 10 8 7 6 4 2 1 3 6 5 3 0 1 2 3 4 4 4 5 5 4 4 6
42 41 41 40 40 39 38 38 39 39 39 39 40 40 41 41 41 43 44 44 44 44 45 46 47 46 45 42 40 40 41 41 41 41 41 38 37 39 39 37 35 34 31 28 25 23 22 20 20 20 20 20 21 21 21 21 21 21 21 20 20 20 20 20 20 19 18 17 18 18 15 12 9 6 5 5 4 3 2 2 5 6 5 3 1 3 5 6 6 6 7 8 9 8 7 7
42 41 41 40 40 39 37 36 39 39 40 40 40 41 41 41 42 43 44 45 45 45 46 46 47 47 46 41 38 39 41 41 41 41 41 40 39 38 38 36 35 33 30 27 25 23 22 21 20 20 20 20 20 21 21 21 21 20 20 20 19 19 20 20 20 19 18 17 17 15 12 9 5 2 3 3 3 3 3 5 6 7 5 3 2 4 8 9 9 9 9 10 11 10 9 9
42 41 40 40 40 39 37 36 38 40 41 41 41 41 41 41 41 43 44 45 46 46 47 48 48 47 45 41 39 40 41 42 42 42 42 41 40 39 37 35 35 33 30 27 25 23 22 21 21 20 20 20 20 20 21 21 21 20 19 19 19 19 19 19 19 18 18 17 16 14 11 8 5 1 2 3 4 5 6 7 8 9 6 4 2 2 12 11 11 10 10 11 11 11 10 9
42 41 41 42 41 40 39 39 40 41 42 41 41 41 41 41 41 42 44 46 47 47 48 48 48 47 46 44 43 43 43 43 44 44 43 42 41 39 36 34 34 34 29 26 24 23 22 21 21 21 20 20 20 20 20 21 20 20 19 18 18 18 18 18 18 18 17 16 15 14 12 10 7 5 5 6 6 7 7 8 8 9 7 5 4 5 10 12 12 11 11 11 11 11 10 10
43 43 43 44 44 42 41 41 41 42 43 42 42 42 42 42 43 43 45 46 47 48 48 48 48 47 48 48 47 47 46 46 45 44 44 43 41 39 36 35 34 34 29 24 24 24 23 22 21 21 21 20 20 20 20 20 20 20 19 18 17 16 17 17 17 17 17 16 16 14 13 11 10 9 8 8 8 8 8 9 9 9 8 7 6 7 10 11 12 12 11 12 12 11 10 10
45 44 45 46 46 44 43 42 42 43 43 43 42 43 43 44 45 45 46 47 48 48 48 48 48 48 49 48 48 47 46 46 45 44 43 42 41 39 37 35 34 34 31 28 26 25 24 23 22 21 21 21 20 20 20 20 20 20 19 18 17 16 16 16 16 16 16 16 16 15 14 13 13 12 11 10 9 9 9 9 9 10 9 9 8 9 11 12 12 12 12 12 12 11 11 10
46 46 46 47 47 46 44 43 43 43 43 43 43 43 44 45 46 48 48 48 48 48 48 49 49 49 49 49 48 47 46 45 44 44 43 42 40 38 37 35 34 33 31 30 29 28 25 23 22 21 21 21 21 20 20 20 20 20 19 18 17 16 16 16 15 16 16 16 16 15 15 15 15 14 13 11 10 10 10 10 10 10 10 10 10 11 12 12 12 12 12 12 12 12 11 11
46 46 47 47 47 46 45 44 43 43 43 43 43 44 45 46 47 48 48 49 49 49 49 49 49 49 49 49 48 48 46 45 44 43 42 41 40 38 37 35 33 32 31 30 29 27 25 23 22 21 21 21 21 21 20 20 20 20 20 18 17 16 16 15 15 15 16 16 16 15 15 15 13 12 11 11 10 10 10 10 10 11 11 11 11 11 12 12 12 12 12 12 12 12 11 11
47 47 47 47 47 47 45 44 43 43 42 43 43 44 45 47 48 48 49 49 49 49 49 49 50 50 50 49 49 48 46 44 43 43 42 41 40 38 38 36 34 31 30 29 27 25 24 22 22 21 21 21 21 21 20 20 20 20 19 18 17 16 16 15 15 15 16 16 15 15 15 13 11 10 10 10 10 10 10 10 11 12 12 11 11 12 12 12 12 12 12 12 12 12 12 11
47 47 47 48 48 47 46 45 44 43 42 42 43 43 44 46 47 48 48 49 50 49 49 49 50 50 50 49 48 47 45 44 43 43 43 41 40 39 39 37 34 32 29 26 25 24 22 22 22 22 21 21 21 21 21 20 20 19 18 17 17 16 16 16 15 15 16 16 15 15 13 11 9 8 8 9 9 10 10 10 11 12 12 12 12 12 12 12 12 12 12 12 12 12 12 12
47 48 48 48 48 47 46 45 44 43 42 42 43 43 43 44 46 47 48 48 49 48 48 49 50 50 49 49 48 46 45 44 44 44 44 40 40 40 40 38 35 32 29 26 23 22 22 22 22 22 22 21 21 21 21 20 19 19 18 17 16 16 16 16 16 16 16 16 15 13 11 9 7 6 7 8 9 10 11 11 11 12 12 12 12 12 12 12 12 12 12 12 12 12 12 12
48 48 48 47 47 47 47 46 45 44 43 43 43 43 43 44 46 46 47 47 49 49 49 50 50 49 49 48 48 46 43 46 46 45 44 41 40 40 40 38 36 33 30 27 23 22 22 23 22 22 22 22 21 21 21 20 20 19 18 17 16 16 16 16 16 16 16 15 13 11 9 6 4 2 4 7 10 11 11 11 11 12 12 12 12 12 12 12 12 12 12 12 12 12 12 12
48 48 48 47 47 47 47 46 46 45 44 43 43 42 43 45 47 46 45 46 48 49 49 50 49 49 48 47 48 48 48 47 46 46 44 41 40 40 39 38 37 35 31 28 24 23 23 23 23 22 22 22 21 21 21 20 20 20 19 18 17 16 16 16 16 16 14 12 10 8 6 4 2 1 4 8 10 11 11 11 11 12 12 12 12 12 12 12 12 12 12 12 12 12 12 12
48 48 48 47 47 47 47 46 45 45 44 43 42 42 43 45 46 44 43 46 48 49 49 49 49 49 48 48 48 48 48 47 46 45 44 41 40 39 39 38 37 36 32 27 23 23 23 23 23 23 22 22 21 21 21 21 20 20 20 18 17 17 16 16 15 13 11 9 7 5 3 1 1 4 6 8 10 11 11 11 11 12 12 12 12 12 12 12 12 12 12 12 12 12 12 12
48 47 47 47 47 46 46 46 45 43 43 42 42 42 43 44 45 45 45 47 48 48 48 48 49 49 48 48 48 48 47 47 46 45 43 42 41 39 38 37 36 36 31 24 23 23 23 23 22 22 22 21 21 21 21 20 20 20 19 18 18 17 17 17 14 12 9 7 5 3 1 1 4 6 8 9 10 11 11 11 11 12 12 12 12 12 12 12 12 12 12 13 13 13 13 13
47 47 46 46 46 46 45 46 44 43 42 42 41 41 43 44 45 45 46 49 48 48 48 48 48 48 48 48 48 48 47 46 45 45 43 42 41 40 38 36 34 34 35 27 26 25 23 23 22 21 21 21 21 21 20 20 20 19 19 18 18 17 18 17 14 10 7 4 2 2 3 4 6 8 8 8 9 10 11 11 11 11 12 12 12 12 12 12 12 12 12 13 13 13 13 13
46 45 45 45 45 45 44 44 43 43 42 41 41 41 43 44 45 45 46 47 47 47 47 47 48 48 48 48 48 48 47 46 45 44 43 42 41 40 38 34 31 32 34 33 29 27 24 22 21 21 21 21 21 21 20 20 19 19 19 18 18 18 18 17 13 10 6 2 1 5 6 6 7 7 6 7 8 9 10 12 12 12 12 12 12 12 12 12 12 12 12 13 13 13 13 13
45 44 44 45 45 45 44 43 43 42 42 42 41 42 43 45 45 45 45 46 46 46 47 47 47 47 47 47 47 46 46 45 44 43 42 41 41 40 38 34 29 31 33 35 32 28 24 22 22 21 21 21 21 21 20 20 19 19 18 18 18 18 18 17 14 11 8 6 8 10 9 7 4 1 3 4 6 7 8 10 12 11 11 11 12 12 12 12 12 12 12 13 13 14 14 14
44 44 44 45 45 44 43 42 43 42 42 42 42 42 44 45 45 45 45 45 45 46 46 46 46 46 46 46 46 45 45 45 44 43 41 41 40 40 38 35 33 33 34 33 31 27 24 23 22 22 22 21 21 21 21 20 19 18 18 18 18 18 17 17 15 13 11 11 14 14 11 8 4 1 1 2 3 5 7 9 11 11 11 11 11 12 12 12 12 12 12 12 13 13 14 14
44 44 44 44 44 43 42 42 42 42 42 42 42 42 43 45 44 45 45 45 45 45 46 46 46 46 45 45 45 45 45 45 44 43 42 41 41 40 39 38 36 35 34 32 29 26 23 23 23 22 22 22 22 21 21 21 20 18 17 17 17 17 17 16 16 15 14 14 16 15 12 9 6 3 1 0 1 3 5 7 10 11 11 11 11 11 12 12 12 12 12 12 13 13 13 13
44 44 44 44 44 42 42 42 42 42 42 42 42 42 42 42 43 44 45 45 44 44 46 46 45 44 44 44 44 44 44 44 44 43 42 41 41 40 39 38 38 37 35 32 28 26 25 24 23 23 22 22 22 22 22 21 20 18 16 16 17 17 17 17 16 16 16 16 16 15 14 11 8 4 1 0 0 1 3 5 7 9 10 10 10 11 12 11 11 11 11 12 12 12 13 11
44 45 45 44 43 42 42 42 42 41 41 41 42 42 41 41 42 43 44 45 45 45 45 44 44 43 43 43 44 44 44 43 43 42 41 40 40 39 38 37 37 38 35 30 28 27 26 24 23 23 22 22 22 22 22 21 19 17 17 17 17 17 17 17 17 16 16 16 16 16 15 14 10 5 0 0 0 0 1 3 5 6 8 9 9 10 11 11 10 10 11 12 12 12 12 12
44 45 44 43 43 42 41 41 41 41 41 41 41 40 39 40 41 42 44 45 45 44 44 43 42 42 42 43 43 43 43 42 42 41 40 40 39 38 36 35 34 35 33 29 27 26 25 24 23 23 22 22 22 22 22 21 18 17 17 17 17 17 17 17 17 16 16 16 16 16 16 15 15 3 1 2 2 2 1 0 2 4 6 7 8 10 10 10 10 10 10 11 12 11 12 13
43 44 44 43 42 42 42 41 41 40 40 39 39 38 37 38 39 41 44 45 45 44 42 41 40 40 42 42 43 43 43 42 41 40 39 39 38 36 35 33 31 31 30 28 26 24 23 23 23 23 22 22 22 22 22 21 19 18 18 17 17 17 17 17 17 16 16 16 16 16 16 16 12 7 5 4 4 4 3 1 1 2 4 5 7 9 10 10 9 9 9 10 10 9 10 11
42 42 42 42 41 42 42 42 41 40 39 38 38 38 37 37 39 41 44 45 43 42 40 39 38 41 42 42 43 43 43 41 40 39 39 38 37 36 33 30 28 28 27 26 24 24 23 23 23 23 22 22 22 22 21 21 20 19 18 17 17 17 17 17 17 16 16 16 16 16 16 16 13 10 8 7 7 6 5 3 2 1 2 4 6 8 10 9 7 6 4 5 5 6 7 9
40 40 41 40 40 41 42 42 40 38 37 37 37 38 38 39 40 42 44 44 42 40 38 37 39 41 42 41 41 41 41 40 40 39 39 38 36 35 31 29 28 27 26 24 23 23 23 23 23 23 22 22 22 22 21 21 20 19 18 17 17 17 17 17 16 16 16 16 16 16 16 16 14 12 10 10 10 9 8 6 4 1 1 4 5 7 7 6 5 4 2 0 1 2 4 7
37 36 37 39 40 40 41 40 38 36 35 36 36 37 38 39 40 41 42 42 40 38 36 37 39 39 40 39 39 39 39 39 39 39 39 37 34 31 28 28 27 27 25 24 23 23 23 23 23 23 22 22 22 21 21 20 20 19 18 17 17 17 17 17 16 16 16 16 16 16 16 16 15 13 12 12 13 12 10 8 6 4 3 4 5 6 6 5 4 3 1 0 0 0 2 7
33 29 36 38 39 39 39 38 36 33 33 34 35 36 37 38 39 40 40 40 39 37 36 37 38 38 38 38 37 37 37 37 37 38 39 33 30 28 27 27 27 26 25 24 24 23 23 23 23 23 22 22 22 21 21 20 20 19 18 17 17 17 17 17 16 16 16 16 16 16 15 15 15 14 13 13 13 13 11 8 6 5 5 5 6 6 5 4 3 2 1 0 0 2 5 8
36 32 35 38 38 38 38 36 34 32 30 32 33 34 36 37 38 39 38 38 37 37 36 36 36 36 36 36 35 35 35 35 35 35 34 30 29 28 27 27 27 26 25 24 24 23 23 23 23 23 22 22 22 21 21 21 20 19 18 17 17 17 17 17 17 16 16 16 16 16 15 14 14 13 13 13 13 12 10 7 5 4 5 6 6 5 4 3 2 1 1 1 2 4 7 11
37 36 37 37 36 35 35 35 33 32 31 31 32 33 34 35 36 36 35 31 32 35 36 36 35 35 34 34 34 33 33 33 33 32 31 29 28 28 27 27 27 26 26 25 24 23 23 23 23 23 22 22 21 21 21 21 20 19 18 17 17 17 17 17 17 16 16 17 16 15 14 14 13 13 12 12 13 11 9 6 4 3 3 4 4 3 3 2 1 2 2 3 4 6 8 16
37 37 38 36 33 32 33 33 34 33 32 31 31 31 32 33 33 33 32 30 32 35 36 35 35 34 33 33 32 31 31 31 31 30 29 29 28 27 27 27 26 26 26 25 23 23 23 23 23 23 22 22 21 21 21 21 20 19 18 17 17 17 17 17 17 17 17 16 16 15 14 13 12 11 10 11 12 10 7 5 2 1 2 2 2 2 1 1 2 3 4 6 8 11 14 24
36 36 38 35 32 30 31 32 34 34 32 31 30 30 30 30 30 30 31 31 33 35 35 35 34 33 32 32 31 30 30 30 30 30 29 28 27 26 26 25 25 25 25 25 24 23 23 23 23 23 22 22 21 21 21 20 19 19 18 17 17 17 17 17 17 16 16 16 15 15 14 13 10 7 6 8 10 9 5 3 1 0 1 1 1 1 0 1 2 4 6 9 12 16 20 31
34 34 34 34 31 29 28 30 33 34 33 32 31 29 29 28 28 29 31 33 34 34 35 35 34 33 32 32 31 30 30 30 30 29 28 26 25 24 24 23 23 24 25 25 24 24 23 23 23 22 22 22 22 21 21 20 20 20 18 17 17 16 16 16 16 15 15 15 15 14 14 13 10 3 2 4 4 4 2 1 0 0 0 0 0 0 0 2 4 6 9 12 16 20 24 31
31 31 31 32 29 26 25 28 30 32 33 33 31 29 28 28 28 29 31 31 32 32 33 34 33 32 31 31 31 31 30 30 29 27 25 24 23 22 22 21 22 23 25 26 24 23 23 22 22 22 22 22 21 21 21 20 20 19 18 17 17 16 16 16 12 12 14 15 14 14 13 13 12 8 5 4 3 2 0 0 0 0 0 0 0 1 2 3 6 8 11 15 19 23 28 34
27 26 25 25 23 21 23 26 28 30 31 31 30 29 28 28 28 29 29 30 30 30 31 31 31 30 30 31 31 31 30 30 28 25 22 21 21 21 22 22 22 23 24 24 24 23 23 22 22 22 22 21 21 21 21 20 20 19 18 18 17 16 12 7 2 8 12 14 14 13 13 13 11 8 5 4 3 2 1 0 0 0 0 0 1 2 4 5 7 10 13 17 22 26 31 36
21 21 21 21 21 21 22 24 27 28 29 29 28 28 28 29 28 28 28 28 28 28 29 29 29 29 29 30 31 31 30 29 27 22 19 18 20 21 22 22 22 23 23 23 22 22 22 22 22 22 22 21 21 21 20 20 19 19 19 17 15 11 7 5 4 9 13 14 14 13 13 12 9 7 5 4 3 3 2 1 1 1 1 2 3 4 5 7 9 11 15 19 23 29 35 38
19 20 21 21 21 22 23 24 25 26 27 27 27 28 30 31 29 28 27 27 27 27 27 28 28 28 29 30 30 30 30 30 26 20 15 16 19 21 22 22 22 22 22 21 21 22 22 22 22 22 22 21 21 21 20 20 18 17 18 14 9 4 4 6 8 12 13 14 13 13 12 9 7 6 5 5 4 4 3 3 3 4 4 4 5 6 7 8 10 12 16 19 23 28 32 36
17 19 21 21 22 23 23 24 24 24 26 28 29 30 31 31 29 28 27 27 27 27 26 26 27 28 29 29 29 29 29 30 25 19 16 16 19 21 20 21 22 21 21 21 21 21 21 21 22 22 22 21 21 20 20 19 18 16 15 10 6 1 3 6 11 13 13 13 13 13 9 4 5 5 5 5 5 5 5 5 5 6 7 7 7 8 9 10 11 12 15 18 21 23 26 30
16 18 20 20 21 22 24 25 25 24 27 30 31 31 31 31 29 27 27 27 26 26 26 26 26 28 28 27 27 27 28 28 24 20 17 16 16 15 13 14 18 21 20 21 21 21 21 22 22 22 21 20 19 18 17 17 17 16 14 9 5 1 2 4 7 10 11 13 13 12 6 0 3 4 5 6 6 6 6 6 7 8 9 9 10 10 11 11 12 12 13 15 17 18 20 24
15 17 19 20 20 20 24 26 26 27 30 33 32 31 31 30 28 28 27 26 26 25 25 26 27 28 27 26 25 25 26 25 23 21 18 15 13 10 6 7 13 19 20 21 21 22 22 21 22 21 20 17 16 15 14 14 14 15 13 9 5 1 0 1 2 5 8 10 12 12 8 5 3 4 5 6 7 7 8 8 9 10 11 11 11 12 12 12 12 12 12 13 14 14 13 22
15 17 19 19 19 20 24 28 28 29 31 33 32 32 31 30 30 29 28 27 26 25 25 25 28 28 26 24 23 23 23 23 22 20 18 14 11 7 2 5 11 16 20 21 21 21 21 21 21 19 16 14 12 11 11 11 11 12 11 8 5 1 0 0 0 3 6 9 13 15 13 9 6 5 5 7 8 9 9 10 11 11 12 12 13 13 13 13 12 12 12 12 13 14 19 26
15 17 19 19 18 18 22 27 29 31 32 33 33 32 31 31 32 31 29 27 25 24 24 25 26 26 25 23 22 21 22 21 21 20 18 13 9 7 6 8 12 16 19 20 20 21 21 20 18 16 13 10 8 7 7 8 8 8 8 6 3 0 0 0 0 2 5 9 14 19 18 12 8 5 5 7 10 10 11 11 12 12 13 13 13 14 14 13 13 12 13 13 16 21 27 35
