大二/遥感图像处理/data/data5/chm.asc
ncols         590
nrows         438
xllcorner     268314.0438407
yllcorner     4147681.9374771
cellsize      0.20000000000001
NODATA_value  -9999
[rows 0 to 58 of 438, columns 288 to 383 of 590]
32 32 33 34 35 35 36 36 35 35 35 35 35 34 34 31 20 4 11 16 23 29 31 30 30 28 25 22 20 19 21 24 27 29 27 28 30 32 33 33 34 34 34 34 34 34 33 32 31 29 28 25 23 21 21 23 24 25 22 20 20 20 21 22 22 23 23 23 24 24 25 26 27 28 28 28 27 27 27 27 27 27 28 27 27 26 25 25 24 24 24 23 22 22 22 22
32 32 32 33 34 35 35 34 34 34 34 34 34 34 34 32 27 19 22 25 30 32 31 30 28 27 25 23 22 22 21 23 25 26 26 28 30 31 32 33 33 33 33 33 33 34 32 31 29 28 27 25 22 19 18 20 22 22 22 21 21 21 22 23 23 23 23 24 25 26 27 27 28 28 28 28 27 27 27 27 27 27 28 28 27 26 26 25 25 25 24 24 23 22 22 22
32 32 32 33 34 34 34 34 34 34 34 34 34 34 34 33 33 32 30 31 33 33 32 30 27 26 25 24 23 22 21 21 23 24 25 27 29 31 32 32 33 32 31 32 33 33 31 29 28 26 24 22 20 18 17 19 19 19 20 20 20 21 22 23 24 24 24 24 26 27 28 29 28 28 28 28 28 28 28 28 28 28 28 28 27 27 26 26 26 26 25 24 23 23 22 22
32 32 32 33 33 34 34 34 34 34 34 34 34 34 34 33 33 33 33 33 33 33 32 30 28 26 26 25 23 22 21 21 21 23 25 26 28 30 31 32 32 31 30 31 33 32 30 28 27 24 21 20 20 19 18 18 15 17 18 19 20 21 22 23 24 25 26 26 27 27 28 29 29 29 29 29 30 29 29 29 29 29 28 28 28 28 27 27 27 27 26 25 24 23 23 22
31 32 32 32 32 33 34 34 34 34 34 34 34 34 33 33 33 33 32 32 33 33 31 30 28 27 26 26 24 21 21 20 21 22 24 26 28 29 30 30 29 29 29 29 31 30 27 27 26 24 20 17 21 20 17 16 15 16 17 18 19 21 21 22 23 25 26 26 27 27 28 29 29 29 29 30 30 30 30 30 30 30 29 28 28 28 28 28 28 28 27 25 24 23 22 22
30 31 31 32 31 31 34 33 33 34 34 34 34 33 33 33 33 32 31 31 31 31 31 30 27 25 25 25 26 22 21 21 20 22 24 25 27 28 27 27 28 28 28 27 27 26 25 26 26 25 23 24 24 19 16 16 15 16 16 17 18 19 21 22 23 25 26 27 27 27 28 28 29 29 30 30 30 30 30 31 31 30 30 29 29 28 28 27 26 26 25 25 24 23 22 21
28 29 29 29 30 32 32 30 31 32 33 34 33 33 33 32 30 28 27 28 29 30 29 27 25 23 23 24 25 24 23 22 21 22 23 25 26 27 27 26 26 27 27 27 26 25 25 25 26 26 25 24 20 17 16 15 15 15 16 16 16 17 20 22 23 25 27 27 27 27 28 28 29 29 30 30 30 30 31 31 31 31 30 29 29 28 28 27 25 24 25 24 23 22 21 20
27 27 27 27 29 32 30 27 29 30 32 33 32 31 31 31 29 25 24 25 26 28 27 25 23 21 20 21 24 25 23 22 22 22 23 25 26 26 27 26 26 26 27 27 26 25 25 25 25 25 22 19 17 17 16 15 15 15 16 16 17 18 20 21 22 24 26 27 27 27 27 28 29 29 30 30 31 31 31 31 32 32 31 30 28 28 28 27 26 26 25 24 23 22 21 20
27 26 26 26 28 28 26 26 28 29 31 31 29 27 27 29 29 26 24 25 25 25 24 22 20 18 17 19 20 21 22 21 21 22 23 24 24 24 24 24 25 26 27 27 27 26 25 25 25 23 20 17 17 17 16 16 15 15 16 17 19 22 22 22 21 22 24 26 27 27 27 28 29 30 30 31 31 31 32 32 32 32 31 29 26 23 23 20 22 24 25 24 23 22 22 21
27 26 25 25 26 26 25 26 27 29 29 28 26 24 22 23 29 27 25 25 24 22 21 19 17 17 18 19 19 19 20 20 21 21 23 23 23 21 20 21 24 26 27 27 27 27 25 24 24 23 21 20 19 18 17 16 15 15 16 18 21 23 24 23 22 23 24 25 26 27 27 27 29 30 30 31 31 32 32 32 32 32 30 29 26 19 8 13 18 23 25 24 24 23 23 22
26 26 25 25 24 25 25 26 27 28 28 26 24 21 18 14 20 24 25 23 22 20 18 17 16 17 18 19 19 19 19 19 20 20 23 23 22 20 18 21 24 25 26 27 27 27 25 24 24 24 23 22 22 20 18 16 14 12 12 16 20 23 25 24 23 23 24 26 26 26 26 27 29 30 30 31 31 31 32 31 32 31 30 30 28 24 8 12 18 22 25 25 25 24 24 23
26 25 25 24 24 25 25 26 26 27 26 24 22 19 17 14 15 19 21 20 19 18 16 15 15 16 18 18 19 19 19 19 19 18 23 22 21 19 19 21 23 25 26 27 27 26 25 24 24 24 24 24 24 21 17 15 13 8 6 11 16 20 24 24 23 23 24 25 26 26 26 27 29 30 30 30 30 31 31 31 31 31 30 30 30 29 26 20 21 24 26 25 25 25 25 24
25 24 24 24 24 24 25 25 26 27 25 22 20 18 16 14 14 16 17 17 17 16 15 14 15 16 17 18 19 19 19 18 16 16 18 19 19 18 19 20 22 24 26 27 26 25 25 24 24 24 24 24 24 21 16 15 13 6 3 8 13 18 22 23 23 23 24 25 26 26 26 27 29 29 30 30 30 30 30 31 31 30 30 30 30 29 29 29 28 27 26 26 25 25 25 24
24 24 24 24 24 24 24 25 25 25 23 21 19 16 15 14 14 15 15 15 15 15 14 14 14 15 17 18 19 19 18 17 15 15 15 16 17 17 18 20 21 23 24 25 25 25 24 23 23 24 24 24 24 21 16 14 12 8 6 8 11 16 20 22 22 23 24 26 26 27 27 27 28 29 30 29 29 30 30 31 30 30 30 30 29 29 29 28 28 27 26 25 25 25 25 24
25 24 23 23 23 23 23 24 24 24 23 20 18 15 14 14 14 14 14 14 14 14 13 13 14 15 16 18 18 17 17 16 15 15 14 15 16 17 18 19 20 21 22 22 22 22 23 21 21 21 22 22 23 21 16 14 12 9 8 8 10 14 19 21 22 23 24 26 27 26 27 27 28 29 29 29 29 30 30 30 30 30 29 29 29 28 28 28 27 26 26 25 25 25 24 23
25 24 23 22 20 20 20 22 23 23 22 20 17 15 13 13 14 14 14 14 14 13 13 13 13 14 15 16 15 13 14 15 15 15 14 14 15 16 17 18 19 20 20 20 19 18 16 18 18 18 19 20 22 21 16 14 12 10 9 9 10 13 17 20 22 23 25 25 25 26 26 27 28 28 28 29 29 30 30 29 29 29 29 29 28 28 28 27 27 26 25 25 24 24 24 21
25 24 23 21 16 14 17 20 22 23 22 19 17 14 13 13 13 14 14 14 14 13 13 13 13 13 13 13 12 12 13 14 14 14 14 14 14 16 16 17 18 18 18 18 17 16 15 15 15 15 15 16 16 15 14 13 12 11 10 9 10 13 16 20 22 24 24 25 25 25 25 26 28 28 28 28 29 30 29 29 28 28 28 28 28 28 27 27 26 26 25 25 24 24 23 20
25 25 23 21 16 13 17 20 22 23 22 19 16 14 13 13 13 13 14 14 14 13 13 13 13 13 13 13 12 12 13 13 13 13 13 13 13 15 16 16 17 17 16 16 15 15 15 14 13 12 11 10 9 8 12 11 11 10 9 9 11 14 17 20 23 24 24 24 24 24 24 26 27 27 27 27 28 28 28 28 27 27 27 28 28 27 27 26 26 26 25 24 24 24 22 18
25 25 24 22 18 17 18 20 22 23 21 18 15 13 13 13 13 13 14 14 14 13 13 13 13 13 13 13 13 12 13 13 12 11 11 12 13 14 14 15 15 15 15 14 14 14 14 12 10 9 7 5 2 2 12 10 8 8 7 9 11 15 18 21 24 24 24 24 24 24 24 26 27 27 27 27 27 27 27 27 27 26 27 27 27 27 26 26 26 26 25 24 23 21 19 15
26 25 24 23 22 21 21 22 23 24 21 18 14 13 13 13 13 13 14 14 14 13 13 13 13 13 13 13 13 12 12 11 10 9 9 10 12 12 12 12 12 13 13 12 12 12 11 9 7 5 3 0 1 4 7 7 5 4 4 6 9 13 20 21 22 22 23 23 23 23 24 26 27 27 27 27 26 26 26 26 26 26 26 27 27 26 25 24 24 24 23 23 22 20 17 13
26 25 24 24 23 23 23 23 24 25 21 18 15 13 13 13 13 14 14 14 14 14 13 13 13 13 13 13 12 12 11 10 8 7 6 7 8 9 9 9 9 9 11 10 10 9 8 6 4 2 0 0 1 3 4 4 2 1 2 3 5 7 12 16 19 20 21 21 22 22 24 25 27 27 26 26 26 26 26 26 26 25 25 26 27 25 24 23 23 22 22 22 21 19 16 12
26 25 25 24 24 24 24 24 24 23 21 18 15 13 13 13 13 14 14 14 14 14 14 13 13 13 13 12 12 12 11 9 7 5 2 3 5 6 6 6 5 6 7 7 7 6 5 3 1 0 0 0 0 1 2 1 0 0 0 1 2 2 3 11 16 18 19 19 20 21 22 25 27 25 25 25 26 26 26 25 25 25 25 25 25 24 23 22 22 21 21 21 21 19 16 13
26 25 25 25 25 25 25 24 23 21 19 17 15 14 14 13 13 14 14 14 14 14 14 13 13 13 12 12 12 12 11 9 7 4 2 1 2 3 3 3 2 2 3 4 4 4 2 1 0 0 0 0 0 0 0 0 0 0 0 0 0 0 2 6 14 16 17 18 19 20 22 23 24 23 24 25 25 26 25 25 24 24 24 24 24 24 23 22 21 21 20 20 20 20 17 14
26 25 25 25 25 25 25 23 21 20 18 17 16 15 15 14 14 14 14 14 14 14 13 13 13 13 12 12 12 11 11 9 8 6 4 2 1 1 1 1 0 0 1 2 2 1 0 0 0 0 0 0 0 0 0 0 0 0 0 0 0 0 1 4 9 15 15 16 17 19 21 23 23 24 25 25 26 26 25 24 24 23 23 24 24 23 23 22 21 21 20 20 20 20 17 14
24 25 25 25 25 25 24 21 19 18 18 17 16 16 16 15 14 14 14 14 14 13 13 13 13 13 12 12 12 12 11 11 10 8 7 4 2 1 0 1 2 1 0 0 0 0 0 1 1 0 0 0 0 0 0 0 0 0 0 1 1 1 1 2 5 8 10 11 12 14 20 23 24 25 26 26 26 27 25 24 23 22 22 23 23 23 22 22 21 21 20 20 20 20 18 16
25 25 25 25 25 25 22 18 16 16 18 17 17 17 17 16 14 13 14 14 14 13 13 13 13 13 13 12 12 12 13 14 13 11 9 7 5 3 2 5 5 3 1 0 0 1 2 2 2 2 1 0 0 0 0 0 0 1 2 3 3 3 3 2 0 4 6 7 6 5 9 20 25 26 27 27 28 28 25 23 22 21 21 21 22 22 22 21 21 21 20 20 21 20 19 18
25 24 24 24 24 23 21 15 10 14 18 18 18 18 17 15 14 13 13 14 14 13 13 13 13 13 13 12 13 14 15 16 16 14 12 10 8 7 7 10 9 5 1 0 0 3 5 5 5 4 3 1 0 0 0 0 2 3 4 5 6 6 6 5 5 5 5 4 3 1 6 16 23 28 28 28 28 28 23 20 17 15 15 14 14 15 20 21 21 21 21 21 21 21 20 20
25 24 24 24 24 22 19 15 14 15 17 18 18 17 16 15 14 13 13 13 13 13 13 13 13 13 13 13 15 16 18 16 17 16 14 13 11 11 12 16 15 10 5 4 4 6 8 8 8 6 5 3 0 0 0 2 3 5 6 8 9 9 10 10 10 9 7 5 1 3 10 17 23 28 29 29 29 26 20 15 11 9 9 10 9 7 8 21 21 21 22 22 22 22 22 22
24 24 24 24 24 21 18 17 16 17 18 18 17 16 15 14 13 13 13 14 14 14 14 14 14 14 14 15 16 18 19 18 19 18 17 15 14 14 16 17 17 15 13 11 11 11 13 12 11 9 7 4 2 0 1 3 5 7 9 10 12 13 13 14 14 15 13 9 6 9 15 21 26 28 28 29 28 25 18 12 5 4 8 10 10 10 12 21 21 22 22 22 23 23 24 24
24 24 24 23 22 20 19 18 18 18 18 17 16 14 13 13 13 13 13 14 15 15 15 15 15 15 16 17 18 19 20 20 20 20 19 18 17 17 17 17 17 17 17 16 16 17 18 16 13 11 8 5 2 0 3 5 7 9 11 13 15 16 17 18 19 22 21 18 16 18 21 25 28 28 28 29 29 25 18 11 5 6 10 12 13 15 19 21 21 22 23 23 24 24 25 25
24 24 24 23 22 20 19 18 18 18 18 17 15 14 13 12 12 13 14 15 16 17 17 16 16 16 17 18 19 20 21 21 22 22 21 19 18 17 17 17 17 17 18 19 18 18 18 18 15 12 9 5 2 1 4 7 9 12 14 16 18 20 21 21 23 25 25 24 24 25 26 28 28 28 29 29 28 26 20 15 13 13 15 16 18 19 21 21 21 22 23 24 25 25 26 26
24 24 24 23 22 21 21 20 18 18 17 16 15 13 12 12 11 13 14 16 17 18 18 17 17 17 18 19 20 21 21 22 22 22 21 20 19 18 18 18 17 18 18 18 18 18 18 17 16 12 8 5 1 2 5 8 11 14 17 19 21 23 25 25 26 27 28 27 27 27 28 28 29 29 29 29 28 26 23 23 22 21 22 22 22 23 22 21 22 23 24 25 26 26 26 26
25 25 24 24 24 24 22 21 19 17 16 15 14 13 12 12 12 14 15 16 17 18 18 18 18 18 18 19 20 21 22 22 23 22 21 21 20 19 19 18 18 18 18 18 18 18 18 18 16 12 8 4 0 3 6 10 13 16 19 22 24 26 28 29 30 30 30 29 29 29 29 30 30 30 30 29 29 28 28 29 27 26 25 25 25 25 24 23 23 24 25 26 26 26 26 26
25 25 25 26 26 25 23 21 20 18 16 16 16 15 13 13 14 15 16 17 18 18 18 18 18 18 19 20 20 22 22 23 23 22 21 21 21 20 20 19 19 18 19 19 18 18 18 18 16 12 8 4 0 3 6 10 14 18 21 24 27 30 31 31 31 31 31 32 31 31 31 32 32 31 31 30 30 30 30 29 28 27 27 28 27 26 25 24 24 25 26 26 27 27 26 27
26 27 27 27 26 25 24 22 21 19 19 19 19 18 16 15 15 16 17 18 19 18 18 19 19 18 19 20 21 22 22 23 23 22 20 21 21 21 21 20 20 20 20 19 19 18 18 18 16 12 8 5 2 3 5 10 14 19 23 27 29 31 32 32 32 32 31 31 32 32 32 34 34 33 31 31 31 32 33 30 28 28 26 23 23 24 25 25 26 26 26 27 27 27 27 27
28 29 28 28 27 25 24 23 22 21 22 22 22 23 19 17 17 18 18 19 19 19 19 20 20 19 20 21 21 22 22 23 23 23 21 21 22 22 22 21 21 21 21 20 19 18 17 18 16 13 10 7 4 3 4 8 14 19 25 29 30 31 32 33 33 32 31 29 29 32 34 35 35 33 32 31 31 33 35 33 29 27 21 15 17 21 24 26 27 27 27 27 27 27 27 27
30 30 29 28 27 25 24 23 23 22 23 24 24 20 16 15 17 18 19 19 20 20 20 20 20 20 21 21 22 23 23 23 23 23 23 23 23 22 22 22 22 22 22 20 18 15 14 16 17 14 11 8 6 3 3 5 12 19 26 30 30 31 33 34 33 32 31 30 30 33 35 35 36 34 31 30 31 34 34 30 27 23 16 6 11 18 23 26 27 27 27 27 27 27 27 27
30 29 28 28 27 25 23 23 21 19 20 22 23 15 8 9 13 17 18 19 20 20 20 20 21 21 22 22 23 23 23 23 24 24 23 23 23 23 23 22 22 22 22 20 17 12 8 12 17 15 13 10 7 5 2 1 7 14 21 27 31 33 34 34 34 33 32 31 31 33 35 36 37 36 32 29 32 34 30 24 21 19 16 9 11 19 24 26 27 27 27 27 27 27 27 27
29 28 27 26 25 24 23 23 20 17 19 22 19 12 4 4 11 15 17 19 20 20 20 20 21 22 22 23 23 24 24 24 24 24 24 24 24 23 23 22 22 22 22 20 17 12 4 9 16 16 14 12 9 7 4 1 3 10 17 24 32 35 35 35 35 35 33 32 32 34 36 37 37 37 34 34 35 33 25 17 15 17 20 18 21 24 25 26 27 27 26 26 26 27 27 27
28 27 27 24 23 22 21 23 22 20 21 20 17 12 7 6 9 13 16 18 20 20 20 20 21 22 22 23 23 24 24 24 24 24 24 24 24 24 23 23 22 22 22 20 18 15 11 12 16 17 16 14 12 9 7 4 3 5 13 22 31 35 35 35 36 36 35 34 33 36 37 37 38 38 37 36 35 29 20 11 7 19 26 26 25 26 26 27 27 27 26 26 26 26 26 27
27 27 27 26 23 21 19 20 21 22 22 19 16 12 9 7 8 12 15 18 20 21 21 21 22 22 22 23 23 24 24 24 24 24 24 24 25 25 24 23 22 22 21 20 18 17 17 16 18 18 17 16 14 12 10 8 5 3 9 20 31 35 35 35 36 37 37 37 38 38 38 38 38 37 37 38 31 25 20 14 14 31 32 29 27 27 28 29 28 27 26 26 26 26 26 27
26 26 25 25 23 21 20 19 19 20 21 18 16 13 10 8 9 11 14 17 20 21 21 22 22 22 22 23 23 22 23 23 24 24 24 24 24 24 23 22 22 22 21 20 19 18 18 19 20 18 17 17 16 15 13 12 10 5 6 20 33 35 34 34 35 36 37 38 38 39 39 39 38 38 39 37 23 21 22 22 28 33 32 31 29 28 30 30 28 27 27 26 26 26 26 27
25 24 24 24 23 22 21 20 19 18 18 17 15 13 11 9 8 9 13 17 20 21 22 22 22 22 22 23 22 21 22 23 24 24 25 24 24 24 24 22 23 23 21 20 19 19 19 19 19 18 17 17 17 16 16 16 15 14 17 25 33 33 32 32 34 36 37 38 39 39 40 39 39 39 37 31 13 12 29 34 33 33 32 31 30 30 30 29 29 28 27 26 26 26 27 28
26 23 23 23 23 23 23 22 20 18 16 16 15 13 11 8 4 5 12 17 20 21 22 22 22 22 22 23 22 22 22 23 24 25 25 24 24 23 23 22 23 22 22 21 20 19 19 19 18 17 17 17 18 18 19 19 20 24 26 29 32 31 30 30 33 35 37 38 39 39 40 40 40 40 38 31 19 21 30 36 34 33 32 32 31 30 30 29 28 28 27 26 26 27 27 28
28 24 23 23 23 23 23 23 22 20 18 17 16 14 11 9 8 9 14 18 21 21 22 22 22 22 22 22 22 23 23 24 24 24 24 24 24 23 22 22 22 22 21 21 20 20 19 19 18 16 16 17 18 19 21 22 25 27 28 31 32 31 30 31 33 35 37 38 39 40 41 41 41 41 40 36 28 30 33 36 35 34 32 33 32 31 30 29 28 27 27 26 26 27 28 29
31 26 24 24 23 23 23 23 23 21 20 18 17 16 14 13 14 15 18 20 21 21 22 22 22 22 21 22 23 23 23 24 24 24 24 24 24 23 22 22 22 21 21 21 20 20 19 18 17 16 15 16 18 20 22 24 26 27 28 29 31 32 32 33 34 36 38 39 40 40 41 41 41 41 40 39 36 35 36 37 37 36 35 35 33 31 30 29 28 27 27 27 28 28 28 29
31 28 26 24 24 23 23 22 22 22 21 20 19 18 17 16 17 19 20 21 21 22 22 23 23 22 22 22 23 23 24 24 24 24 24 24 24 23 23 22 21 21 21 20 20 20 19 18 16 15 14 16 18 20 23 25 26 27 28 29 31 32 33 34 36 37 38 39 39 39 40 41 41 40 40 38 37 37 37 38 38 37 36 35 34 32 31 29 28 27 27 28 28 28 27 28
31 29 27 25 24 23 23 22 20 23 22 21 20 19 18 18 19 19 20 20 21 22 22 22 23 23 22 23 23 23 24 24 24 24 24 24 24 24 23 22 21 21 21 20 19 19 18 17 16 15 16 17 19 21 23 25 27 28 29 31 32 33 34 35 36 38 38 38 39 39 40 41 41 40 39 39 38 38 38 38 37 36 35 35 34 32 31 30 29 27 27 27 27 26 26 27
29 28 27 25 24 24 23 23 23 24 23 22 21 20 20 19 19 19 20 20 20 21 22 22 22 22 23 23 23 23 23 24 24 24 24 24 24 24 24 22 21 20 19 19 18 16 17 16 16 16 17 19 21 23 24 26 28 30 31 32 33 34 35 36 37 37 37 38 38 39 40 40 40 40 40 39 39 38 32 30 30 30 32 33 33 32 32 31 29 28 27 27 26 25 25 26
27 26 25 24 24 24 24 24 24 24 24 23 22 21 20 18 18 18 19 19 19 20 21 21 22 22 22 23 23 23 23 24 24 24 23 24 25 25 25 22 22 21 19 19 18 17 16 16 17 17 19 20 22 24 26 28 29 31 32 33 34 35 36 36 36 36 36 37 38 39 40 40 40 40 40 39 38 32 20 11 18 24 28 31 33 33 33 32 30 28 27 26 25 25 26 26
25 25 24 24 23 23 23 24 24 24 24 23 23 21 19 18 17 17 17 19 19 19 20 20 21 21 22 23 23 23 23 24 24 24 24 24 25 25 25 25 24 22 20 19 19 17 16 16 17 18 20 21 23 24 26 28 30 32 32 33 33 35 36 35 34 34 35 37 38 39 40 40 41 40 40 39 37 29 17 5 14 21 26 30 33 33 33 32 30 28 27 25 25 26 26 27
24 24 24 24 23 23 23 23 24 24 24 24 23 21 18 17 15 14 14 16 18 19 19 20 20 21 22 23 23 23 23 24 25 25 25 25 25 24 23 22 21 20 20 19 19 18 17 16 18 19 20 21 23 24 25 27 29 31 31 32 32 33 33 33 32 33 35 36 38 39 39 40 40 39 39 38 37 31 23 17 17 22 26 30 33 33 33 31 29 28 26 26 25 26 27 27
24 24 24 23 23 23 23 23 23 24 24 24 23 20 18 16 14 13 13 15 17 18 19 19 21 22 23 24 24 24 24 24 25 25 25 26 25 23 18 16 16 18 19 19 19 18 18 17 19 20 20 21 22 23 24 26 27 29 30 30 30 30 30 30 31 32 33 35 37 38 39 39 40 39 38 37 37 36 33 28 26 26 28 32 32 32 32 31 29 28 26 26 26 26 27 27
24 24 23 23 23 22 22 22 23 23 23 23 23 20 17 14 13 13 14 16 17 18 19 19 21 23 24 24 24 25 25 25 25 25 25 26 26 22 12 8 12 16 18 19 19 18 18 18 19 19 20 20 21 22 22 23 24 26 28 28 28 29 29 29 30 30 32 34 36 37 37 38 38 37 36 36 36 36 36 35 32 31 32 32 31 32 31 30 28 27 26 26 26 27 27 27
25 25 24 23 23 22 21 21 22 23 23 23 23 21 17 15 14 14 15 16 18 19 19 19 21 24 24 24 24 25 26 26 26 25 26 26 27 23 11 4 10 15 18 19 19 19 19 19 19 19 19 19 19 19 20 20 20 21 24 24 25 27 29 30 30 30 31 34 35 37 36 36 36 36 36 36 36 36 36 35 35 33 32 31 31 31 30 28 27 26 25 26 26 27 27 27
25 25 24 23 22 21 19 20 22 22 23 22 22 20 18 16 15 15 16 16 17 19 20 20 22 24 24 24 25 25 26 26 27 26 27 27 27 27 23 15 14 18 21 20 19 19 19 19 19 18 18 17 17 17 17 16 16 16 16 16 20 24 28 31 31 31 32 33 35 36 36 35 35 35 35 36 36 36 36 36 35 33 32 31 31 30 28 27 26 25 25 26 26 27 27 27
25 24 23 22 21 18 18 18 20 22 23 22 21 19 17 16 16 17 16 14 17 20 21 22 23 24 24 25 25 26 26 27 27 27 27 27 27 27 26 23 20 23 24 22 20 19 19 19 18 18 16 15 15 14 13 12 12 10 6 8 15 21 27 31 32 32 32 34 35 36 35 35 35 35 35 35 36 36 36 35 34 33 32 31 30 29 27 25 24 25 25 25 26 26 26 26
25 24 23 22 18 16 15 16 18 21 23 21 19 18 16 16 16 17 17 16 18 21 22 22 23 23 24 24 25 26 26 27 27 27 27 28 27 27 26 25 24 24 24 23 21 19 19 18 18 17 15 14 12 11 10 8 7 4 1 6 13 20 26 32 33 33 33 34 35 35 35 35 35 34 35 35 35 36 36 35 34 33 32 31 30 28 26 24 24 25 25 25 25 24 24 24
25 24 21 17 12 12 12 13 15 19 22 20 18 16 15 14 14 15 17 19 21 22 22 22 23 23 23 24 25 25 26 27 27 28 28 28 28 27 27 26 26 26 24 23 21 20 19 18 18 17 15 13 11 9 6 4 2 2 5 9 13 19 25 30 32 32 33 34 34 34 34 34 34 34 34 34 35 36 36 35 34 33 32 31 30 28 26 25 24 25 24 24 24 24 24 24
